0.9899749999999999	1.0099749999999998

0.9798505006249999	1.0198495006249997

0.9696275093562342	1.029622509393734

0.9593070435745629	1.0392930439245613

0.9488901304592279	1.0488601320342088

0.9383778068856242	1.0583228118355001

0.927771119322097	1.0676801318340603

0.9170711237257733	1.0769311510239854

0.9062788854374402	1.0860749389824673

0.8953954790754796	1.095110575963367

0.884421988428869	1.1040371529897228

0.873359506349261	1.1128537719451868

0.8622091346421503	1.1215595456643805

0.8509719839571404	1.1301535980221604

0.8396491736773197	1.1386350640217813

0.82824183180776	1.1470030898819539

0.8167510948631453	1.1552568331227844

0.8051781077545459	1.1633954626505878

0.7935240236753461	1.171418158841567

0.7817900039863386	1.1793241136243493

0.7699772180999954	1.1871125305613721

0.7580868433639292	1.194782624929108

0.746120064943554	1.202333623797124

0.7340780757039591	1.2097647661059645

0.7219620760910068	1.2170753027438515

0.709773274011666	1.224264496622193

0.6975128847135937	1.231331622749894

0.6851821306639769	1.2382759683064612

0.6727822414276458	1.2450968327138934

0.6603144535444712	1.2517935277073517

0.6477800104060589	1.2583653774046037

0.6351801621317528	1.2648117183742291

0.6225161654439572	1.2711318997025873

0.6097892835427952	1.2773252830595343

0.5970007859801112	1.2833912427628857

0.5841519485328328	1.2893291658416177

0.5712440530757034	1.2951384520978

0.5582783874533984	1.3008185141672544

0.5452562453520395	1.306368777578934

0.5321789261701163	1.311788680813015

0.5190477348888318	1.3170776753576958

0.5058639819418826	1.3222352257647

0.49262898308468706	1.3272608097034746

0.47934405926307516	1.332153918014079

0.4660105364814528	1.336914054758759

0.45262974567045317	1.3415407372722046

0.43920302255408933	1.3460334962104774

0.42573170751642064	1.350391875598613

0.4122171454677466	1.3546154328768873

0.398660685710341	1.3587037389457428

0.3850636818037408	1.3626563782093726

0.37142749142960196	1.3664729486179545

0.3577534762561367	1.370153061708535

0.3440430018021449	1.3736963426445534

0.3302974373006543	1.3771024302540087

0.3165181555621817	1.3803709770662589

0.30270653283763005	1.383501649347454

0.2888639486808346	1.3864941271345965

0.2749917858107716	1.3893481042682265

0.26109142997344403	1.3920632884237274

0.2471642698034574	1.394639401141251

0.23321169668529979	1.397076177854257

0.21923510461434007	1.3993733679166638

0.20523589005755805	1.4015307346286092

0.1912154518140205	1.403548055260819

0.17717519087511693	1.4054251210775777

0.16311651028456928	1.4071617373583019

0.14904081499822916	1.4087577234177135

0.13494951174367706	1.4102129126246103

0.12084400887963735	1.4115271524192314

0.10672571625522304	1.4127003043292172

0.09259604506902447	1.4137322439841613

0.07845640772805612	1.4146228611287517

0.0643082177065754	1.4153720596345039

0.050152889404787696	1.4159797575100788

0.03599183800745179	1.4164458869101888

0.021826479342399712	1.4167703941430905

0.0076582297389852436	1.4169532396766606

-0.006511494113524838	1.4169943981430584

-0.02068127530760258	1.4168938583419695

-0.034849696859139585	1.4166516232424347

-0.049015341849142455	1.4162677099832621

-0.06317679356542885	1.415742149872021

-0.07733263564430992	1.41507498838262

-0.091481452212245	1.4142662851514671

-0.10562182802745437	1.4133161139722157

-0.11975234862147584	1.412224562789092

-0.13387160044065122	1.4109917336888074

-0.14797817098752827	1.4096177428910586

-0.16207064896216417	1.408102720737611

-0.17614762440331622	1.4064468116799707

-0.19020768882950584	1.4046501742656454

-0.20424943537994156	1.4027129811229935

-0.218271458955287	1.400635418944666

-0.23227235635825974	1.3984176884696395

-0.24625072643404716	1.3960600044638452

-0.26020517021052475	1.393562595699393

-0.2741342910382634	1.390925704932395

-0.2880366947303114	1.388149588879389

-0.301910989701737	1.3852345181923638

-0.3157557871089181	1.3821807774323915

-0.32956970098856425	1.3789886650418666

-0.3433513483964582	1.3756584933153548

-0.35709934954590183	1.3721905883690575

-0.3708123279458538	1.368585290108889

-0.384488910538744	1.3648429521971779

-0.3981277278379523	1.3609639420179853

-0.4117274140649362	1.3569486406410551

-0.4252866072859951	1.3527974427843896

-0.43880394954865687	1.34851075677546

-0.45227808701767275	1.344089004511054

-0.4657076701106079	1.3395326214157646

-0.4790913536330127	1.334842056399123

-0.4924277969131631	1.3300177718113828

-0.505715663936354	1.325060243397956

-0.5189536234787352	1.3199699602525072

-0.5321403492406733	1.3147474247687134

-0.5452745199796294	1.3093931525906874

-0.5583548196425367	1.3039076725620762

-0.5713799374976665	1.2982915266738368

-0.5843485682659674	1.2925452700106932

-0.5972594122518676	1.2866694706962831

-0.6101111754735241	1.280664709836997

-0.6229025697925072	1.2745315814645157

-0.6356323130429075	1.268270692477054

-0.6482991291598519	1.261882662579313

-0.660901748307416	1.2553681242211499

-0.6734389070059197	1.24872772253497

-0.6859093482585942	1.2419621152718472

-0.6983118216776061	1.2350719727363795

-0.7106450836094279	1.228057977720285

-0.7229078972595405	1.2209208254347474

-0.7350990328164565	1.213661223441516

-0.7472172675750512	1.2062798915827655

-0.7592613860591895	1.1987775619097254

-0.7712301801436352	1.1911549786100857

-0.7831224491752324	1.1834128979341838

-0.7949370000933449	1.1755520881199832

-0.8066726475495423	1.1675733293168467

-0.818328214026522	1.1594774135081183

-0.8299025299562525	1.1512651444325153

-0.8413944338373286	1.142937337504342

-0.8528027723515261	1.1344948197325309

-0.8641264004795426	1.1259384296385222

-0.8753641816159158	1.1172690171729858

-0.8865149876831052	1.1084874436313972

-0.8975776992447271	1.0995945815684753

-0.9085512056179307	1.0905913147114887

-0.919434404984905	1.0814785378724416

-0.9302262045035047	1.0722571568591457

-0.9409255204169835	1.062928088385189

-0.9515312781628249	1.0534922599788095

-0.9620424124806588	1.0439506098906817

-0.9724578675192536	1.0343040870006277

-0.9827765969425718	1.0245536507232602

-0.9929975640348808	1.0147002709125663

-1.0031197418049056	1.0047449277654446

-1.013142113089015	0.9946886117242014

-1.0230636706534297	0.9845323233780181

-1.0328834172954435	0.9742770733633993

-1.0426003659436451	0.9639238822636108

-1.0522135397571326	0.9534737805071177

-1.06172197222371	0.9429278082650338

-1.0711247072570547	0.9322870153475901

-1.0804207992928492	0.9215524610996357

-1.0896093133838631	0.9107252142951797

-1.0986893252939802	0.8998063530309837

-1.1076599215911576	0.8887969646192181

-1.1165201997393097	0.877698145479191

-1.125269268189108	0.8665110010281608

-1.133906246467685	0.8552366455712439

-1.1424302652672356	0.8438762021904277

-1.150840466532508	0.8324308026327005

-1.1591360035471718	0.8209015871973095

-1.1673160410190564	0.8092897046221579

-1.1753797551642524	0.7975963119693517

-1.1833263337900668	0.7858225745099099

-1.1911549763768212	0.7739696656076465

-1.1988648941584883	0.762038766602238

-1.2064553102021567	0.750031066691488

-1.2139254594863165	0.7379477628127991

-1.2212745889779573	0.7257900595238655

-1.2285019577084715	0.7135591688825978

-1.2356068368483548	0.701256310326291

-1.2425885097806966	0.6888827105500492

-1.2494462721734525	0.6764396033844785

-1.2561794320504929	0.6639282296726594

-1.262787309861418	0.6513498371464126

-1.2692692385501354	0.6387056803018698

-1.2756245636221903	0.6259970202743609

-1.2818526432108435	0.6132251247126321

-1.2879528481418894	0.6003912676524058

-1.29392456199721	0.5874967293892955

-1.2997671811770528	0.5745427963510887

-1.3054801149610342	0.5615307609694093

-1.3110627855678543	0.5484619215507748

-1.3165146282137228	0.5353375821470575

-1.3218350911694878	0.5221590524253665

-1.3270236358164622	0.508927647537361

-1.3320797367009403	0.49564468798800787

-1.3370028815874029	0.4823114995037987

-1.341792571510401	0.46892941290043705

-1.3464483208251177	0.45549976395001046

-1.350969657256597	0.4420238932476605

-1.355356121947642	0.42850314607776335

-1.359607269505371	0.41493887227963494

-1.3637226680464296	0.40133242611277425

-1.367701899240856	0.3876851661216571

-1.3715445583545915	0.37399845500009543

-1.3752502542906335	0.3602736594551745

-1.378818609628828	0.34651215007078173

-1.3822492606642949	0.33271530117074166

-1.3855418574444855	0.31888449068156943

-1.3886960638048649	0.30502109999485755

-1.3917115574032184	0.291126513829309

-1.3945880297525761	0.27720212009243106

-1.3973251862527565	0.26324930974190297

-1.3999227462205193	0.24926947664663185

-1.40238044291833	0.23526401744751047

-1.4046980235817321	0.22123433141789095

-1.4068752494453214	0.20718182032378818

-1.4089118957673232	0.19310788828382686

-1.410807751852767	0.17901394162894652

-1.41256262107526	0.16490138876187813

-1.414176320897352	0.15077164001640647

-1.4156486828894934	0.13662610751643256

-1.4169795527475855	0.12246620503484971

-1.4181687903091151	0.10829334785224798

-1.4192162695678798	0.09410895261546051

-1.4201218786872951	0.07991443719596632

-1.4208855200122876	0.06571122054816346

-1.421507110079769	0.05150072256752688

-1.421986579627692	0.037284363948664995

-1.422323873602688	0.023063566043289355

-1.4225189511662808	0.008839750718111392

-1.4225717856996827	-0.00538565978731937

-1.422482364807167	-0.019611243002821514

-1.4222506903180183	-0.03383557636981811

-1.421876778287062	-0.04805723738358905

-1.4213606589937688	-0.06227480373552508

-1.4207023769399387	-0.07648685345536937

-1.4199019908459616	-0.09069196505343238

-1.4189595736456562	-0.10488871766276567

-1.4178752124796874	-0.11907569118128065

-1.4166490086875625	-0.13325146641379798

-1.4152810777982072	-0.14741462521401325

-1.413771549519122	-0.16156375062636497

-1.4121205677241204	-0.1756974270277905

-1.4103282904396495	-0.189814240269356

-1.4083948898296947	-0.20391277781774575

-1.4063205521792714	-0.21799162889659723

-1.404105477876501	-0.23204938462766753

-1.4017498813932774	-0.24608463817181683

-1.3992539912645243	-0.2600959848697953

-1.3966180500660446	-0.2740820223828188

-1.3938423143909646	-0.2880413508329197

-1.3909270548247756	-0.3019725729430585

-1.3878725559189742	-0.31587429417698265

-1.3846791161633063	-0.32974512287881796

-1.381347047956614	-0.343583670412379

-1.3778766775762912	-0.3573885513001849

-1.3742683451463498	-0.3711583833621652

-1.3705224046040994	-0.38489178785404465

-1.3666392236654439	-0.3985873896053893

-1.3626191837887982	-0.41224381715730357

-1.3584626801376305	-0.4258597028997626

-1.3541701215416293	-0.43943368320856635

-1.349741930456505	-0.4529643985819024

-1.3451785429224243	-0.4664504937765029

-1.3404804085210862	-0.4798906179433827

-1.3356479903314393	-0.493283424763145

-1.3306817648840497	-0.5066275725808402

-1.3255822221141191	-0.5199217245403661

-1.3203498653131627	-0.5331645487183938

-1.3149852110793459	-0.5463547182578075

-1.3094887892664906	-0.5594909115006444

-1.3038611429317524	-0.5725718121205218

-1.2981028282819738	-0.5855961092545362

-1.2922144146187213	-0.5985624976346245

-1.2861964842820097	-0.6114696777183708

-1.2800496325927189	-0.6243163558192479

-1.2737744677937115	-0.6371012442362796

-1.2673716109896538	-0.6498230613831107

-1.260841696085548	-0.6624805319164727

-1.254185369723981	-0.6750723868640303

-1.2474032912210975	-0.6875973637515984

-1.240496132501301	-0.7000542067297155

-1.2334645780306914	-0.7124416666995602

-1.226309324749245	-0.7247585014381996

-1.219031082001744	-0.737003475723156

-1.2116305714674622	-0.7491753614562804

-1.2041085270886125	-0.7612729377869185

-1.196465694997566	-0.7732949912343599

-1.1887028334428476	-0.7852403158095546

-1.1808207127139159	-0.7971077131360877

-1.172820115064737	-0.8088959925703985

-1.1647018346361564	-0.8206039713212315

-1.1564666773770782	-0.8322304745683101

-1.1481154609644606	-0.8437743355802166

-1.139649014722134	-0.8552343958314716

-1.1310681795384514	-0.8666095051187972

-1.122373807782775	-0.8778985216765537

-1.1135667632208148	-0.8891003122913395

-1.1046479209288207	-0.9002137524157403

-1.09561816720664	-0.9112377262812181

-1.0864783994896476	-0.9221711270101274

-1.0772295262595593	-0.9330128567268485

-1.0678724669541342	-0.9437618266680259

-1.05840815187578	-0.9544169572919005

-1.048837522099064	-0.9649771783867259

-1.0391615293771441	-0.9754414291782568

-1.0293811360471272	-0.9858086584362987

-1.0194973149343631	-0.996077824580309

-1.0095110492556867	-1.0062478957840382

-0.9994233325216147	-1.0163178500792003

-0.9892351684375097	-1.0262866754581643

-0.9789475708037171	-1.036153369975653

-0.9685615634146904	-1.045916941849441

-0.9580781799571105	-1.0555764095600415

-0.9474984639070111	-1.0651308019493735

-0.9368234684259196	-1.0745791583183948

-0.926054256256025	-1.083920528523696

-0.9151918996143816	-1.093153973073043

-0.9042374800861608	-1.10227856321986

-0.89319208851696	-1.111293381056641

-0.8820568249041806	-1.1201975196072842

-0.8708327982874852	-1.128990082918336

-0.8595211266383446	-1.1376701861491376

-0.8481229367486871	-1.1462369556608671

-0.8366393641186597	-1.1546895291044625

-0.8250715528435121	-1.1630270555074216

-0.8134206554996167	-1.171248695359469

-0.8016878330296344	-1.179353620697081

-0.7898742546268379	-1.1873410151868597

-0.7779810976186036	-1.1952100742077485

-0.7660095473490856	-1.2029600049320792

-0.753960797061081	-1.2105900264054468

-0.7418360477771	-1.2180993696253972

-0.7296365081796516	-1.2254872776189274

-0.7173633944907578	-1.2327530055187834

-0.7050179303507077	-1.2398958206385529

-0.6926013466960634	-1.246915002546544

-0.6801148816369306	-1.253809843138441

-0.6675597803335052	-1.2605796467087318

-0.6549372948719094	-1.267223730020899

-0.6422486841393287	-1.2737414223763677

-0.6294952136984615	-1.2801320656822015

-0.616678155661297	-1.286395014517544

-0.60379878856223	-1.292529636198794

-0.590858397230528	-1.2985353108435111

-0.5778582726621622	-1.3044114314330453

-0.5647997118910151	-1.310157403873881

-0.551684017859479	-1.3157726470576943

-0.5385124992884556	-1.3212565929201125

-0.5252864705467721	-1.3266086864981739

-0.5120072515200267	-1.331828385986479

-0.4986761674788739	-1.3369151627920295

-0.4852945489467666	-1.3418685015877483

-0.4718637315671654	-1.3466879003646761

-0.45838505597022944	-1.3513728704828385

-0.4448598676390018	-1.3559229367207786

-0.431289516775103	-1.3603376373237506

-0.41767535816394613	-1.3646165240505685

-0.40401875103948637	-1.3687591622191067

-0.39032105894851926	-1.3727651307504458

-0.37658364961454105	-1.3766340222116622

-0.362807894801184	-1.3803654428572523

-0.34899517017524145	-1.3839590126691925

-0.3351468551692951	-1.3874143653956281

-0.32126433284395955	-1.3907311485881861

-0.30734898974975655	-1.393909023637911

-0.2934022157886337	-1.3969476658098177

-0.27942540407514077	-1.3998467642760588

-0.2654199507972783	-1.4026060221477032

-0.25138725507703136	-1.4052251565051221

-0.23732871883060322	-1.4077038984269796

-0.22324574662836266	-1.410041993017825

-0.2091397455545187	-1.4122391994342829

-0.19501212506653698	-1.414295290909842

-0.18086429685431188	-1.4162100547782346

-0.16669767469910815	-1.417983292495408

-0.15251367433228658	-1.4196148196600866

-0.13831371329382738	-1.421104466032918

-0.12409921079066585	-1.4224520755542054

-0.10987158755485403	-1.423657506360223

-0.09563226570156291	-1.4247206307981124

-0.08138266858693924	-1.425641335439358

-0.06712422066583099	-1.4264195210918413

-0.052858347349395915	-1.4270551028104723

-0.03858647486260745	-1.427548009906396

-0.024310030101671924	-1.4278981859547744

-0.010030440491371638	-1.4281055888011422

0.004250866157652069	-1.4281701905663358

0.018532461791661486	-1.428091977649995

0.03281291825661664	-1.427870950732637

0.04709080744098659	-1.4275071247763025

0.061364701418563594	-1.427000529023773

0.07563317259126585	-1.4263512069963618

0.08989479383191468	-1.425559216490274

0.10414813862697161	-1.4246246295715423

0.11839178121922136	-1.4235475325695333

0.13262429675038623	-1.4223280260690268

0.14684426140365775	-1.4209662249008712

0.16105025254613137	-1.419462258131212

0.17524084887112984	-1.4178162690492973

0.189414630540401	-1.4160284151538596

0.2035701793261761	-1.4140988681380766

0.2177060787530737	-1.4120278138731113

0.231820914239836	-1.4098154523902338

0.24591327324088233	-1.4074619978615257

0.25998174538766655	-1.4049676785791703

0.2740249226298236	-1.4023327369333292

0.28804139937609113	-1.3995574293886075

0.3020297726349928	-1.396642026459112

0.315988642155268	-1.3935868126821005

0.3299166105660351	-1.3903920865902306

0.34381228351667326	-1.3870581606824055

0.3576742698164094	-1.3835853613932216

0.37150118157359613	-1.3799740290610227

0.38529163433466695	-1.3762245178945602

0.39904424722275417	-1.372337195938266

0.41275764307595625	-1.36831244503614

0.4264304485852407	-1.3641506607942544

0.4400612944319686	-1.3598522525418821

0.4536488154250266	-1.3554176432912488

0.46719165063755347	-1.3508472696959162

0.48068844354324664	-1.3461415820077982

0.494137842152236	-1.3413010440328155

0.5075384991465103	-1.336326133085192

0.5208890720148835	-1.3312173399403997

0.5341882231874872	-1.3259751687867523

0.547434620169775	-1.3206001371756575

0.5606269356760272	-1.3150927759705302

0.5737638477623406	-1.3094536292943706

0.5868440399590902	-1.3036832544760149

0.5998662014028514	-1.2977822219950619

0.6128290269677669	-1.2917511154254835

0.6257312173963475	-1.2855905313779201

0.6385714794296918	-1.279301079440672

0.6513485259371128	-1.272883382119389

0.6640610760451583	-1.266338074775465

0.6767078552660117	-1.259665805563144

0.6892875956252615	-1.2528672353653447

0.7017990357890243	-1.245943037728208

0.7142409211904115	-1.2388938987943745

0.7266120041553255	-1.2317205172350005

0.7389110440275716	-1.2244236041805163

0.751136807293276	-1.217003883150136

0.763288067704595	-1.2094620899801243

0.7753636064027036	-1.2017989727508287

0.7873622120400519	-1.1940152917124827

0.7992826809018756	-1.1861118192097893

0.8111238170269509	-1.17808933960529

0.8228844323275781	-1.1699486492015303

0.8345633467087853	-1.1616905561620243

0.8461593881867377	-1.1533158804310322

0.8576713930063433	-1.144825453652154

0.8690982057580396	-1.1362201190857493

0.8804386794937532	-1.1275007315251917

0.8916916758420177	-1.118668157211966

0.9028560651222413	-1.1097232737496154

0.9139307264581094	-1.1006669700165492

0.9249145478901134	-1.0915001460777176

0.9358064264871933	-1.0822237130951644

0.9466052684574827	-1.072838593237465

0.9573099892581459	-1.0633457195880591

0.967919513704295	-1.053746036052488

0.9784327760769771	-1.0440404972645436

0.9888487202302205	-1.0342300684913421

0.9991662996971281	-1.0243157255373276

1.009384477795009	-1.014298454647218

1.0195022277295362	-1.0041792524079016

1.029518532697922	-0.993959125649296

1.0394323859910974	-0.9836390913441755

1.0492427910948894	-0.9732201765069808

1.0589487617901818	-0.9627034180916192

1.0685493222520532	-0.952089862888265

1.0780435071478796	-0.9413805674191722

1.0874303617343926	-0.9305765978335079

1.0967089419536842	-0.9196790298012181

1.1058783145281474	-0.9086889484059362

1.1149375570543436	-0.8976074480369445

1.1238857580957866	-0.8864356322802001

1.1327220172746362	-0.8751746138084351

1.1414454453622886	-0.8638255142703435

1.150055164368858	-0.8523894641788639

1.1585503076315373	-0.8408676027985708

1.1669300199018322	-0.8292610780321854

1.1751934574316565	-0.8175710463062162

1.1833397880582828	-0.805798672455742

1.1913681912881386	-0.7939451296083477

1.19927785837944	-0.7820115990672262

1.2070679924236527	-0.769999270193455

1.2147378084257765	-0.7579093402874637

1.2222865333834403	-0.7457430144696987

1.2297134063648028	-0.7335015055605025

1.2370176785852487	-0.7211860339592154

1.2441986134828762	-0.7087978275225139

1.251255486792764	-0.696338121441997

1.258187586620014	-0.6838081581210332

1.2649942135115588	-0.67120918705088

1.2716746805267298	-0.658542464686088

1.2782283133065775	-0.6458092543192036

1.2846544501419368	-0.6330108259547798

1.290952442040231	-0.6201484561827114

1.297121652791007	-0.6072234280509046

1.3031614590301963	-0.5942370309372932

1.3090712503030932	-0.5811905604212178

1.3148504291260477	-0.5680853181541763

1.3204984110468612	-0.5549226117299619

1.3260146247038844	-0.5417037545542

1.3313985118838088	-0.5284300657132972

1.3366495275781447	-0.5151028698428163

1.3417671400383835	-0.5017234969952887

1.3467508308298353	-0.48829328250747994

1.3516000948841393	-0.4748135668671189

1.3563144405504384	-0.4612856955791058

1.3608933896452156	-0.4477110190312119

1.3653364775007863	-0.43409089235928394

1.3696432530124416	-0.4204266753119671

1.3738132786842359	-0.4067197321149598

1.3778461306734184	-0.39297143133481455

1.3817413988334997	-0.37918314574229695

1.3854986867559518	-0.3653562521753184

1.389117611810536	-0.35149213140145447

1.3925978051842554	-0.33759216798006403

1.3959389119189263	-0.323657750124022

1.3991405909473684	-0.3096902695610796

1.4022025151282054	-0.29569112139486686

1.4051243712792758	-0.28166170396554996

1.4079058602096493	-0.267603418710158

1.4105466967502454	-0.25351767002259373

1.4130466097830525	-0.2394058651133407

1.4154053422689414	-0.22526941386888233

1.4176226512740735	-0.21110972871084618

1.4196983079949002	-0.19692822445488767

1.4216320977817491	-0.18272631816932727

1.4234238201609979	-0.16850542903355553

1.4250732888558293	-0.1542669781962197

1.42658033180557	-0.1400123886332065

1.427944791183607	-0.12574308500543496

1.4291665234138817	-0.11146049351647376

1.430245399185961	-0.09716604176999703

1.431181303468681	-0.08286115862709316

1.4319741355223654	-0.06854727406344066

1.4326238089096117	-0.05422581902636542

1.4331302515046525	-0.03989822529179364

1.4334934055012827	-0.02556592532111482

1.4337132274193563	-0.011230352117968962

1.4337896881098504	0.0031070609150275503

1.4337227727584974	0.017444880119603177

1.4335124808879822	0.03178167172518516

1.433158826358708	0.04611600199227185

1.4326618373681264	0.060446437355809124

1.432021556448634	0.07477154456855649

1.431238040464037	0.08908989084442862

1.4303113606045812	0.10340004400179788

1.429241602380548	0.11770057260674364

1.428028865614421	0.13199004611623394

1.4266732644316182	0.14626703502122523

1.425174927249795	0.16053011098966588

1.423533996766717	0.1747778470093891

1.421750629946704	0.18900881753088103

1.4198249980056465	0.2032215986099098

1.4177572863945973	0.217414768050001

1.4155476947819374	0.23158690554474573

1.4131964370341203	0.2457365928199265

1.4107037411949952	0.2598624137754472

1.4080698494637107	0.2739629546270528

1.4052950181712036	0.2880368040478242

1.402379517755271	0.30208255330943506

1.3993236327342327	0.316098796423155

1.3961276616791827	0.33008413028058675

1.3927919171848346	0.3440371547941215

1.3893167258389638	0.35795647303709993

1.3857024281904469	0.3718406913836636

1.3819493787159054	0.3856884196482835

1.3780579457849547	0.39949827122495135

1.3740285116240605	0.41326886322602024

1.3698614722790097	0.4269988166206802

1.365557237575996	0.44068675637305477

1.3611162310813258	0.4543313115799054

1.3565388900597497	0.46793111560792916

1.351825665431419	0.48148480623063644

1.3469770217274768	0.4949910257647948

1.3419934370442854	0.5084484212064254

1.336875402996295	0.5218556443663381

1.3316234246675567	0.5352113520051919

1.326238020561888	0.5485142059680673

1.3207197225516933	0.5617628733185369

1.3150690758254442	0.5749560264722208

1.3092866388338262	0.5880923433298134

1.303372983234557	0.6011705074095685

1.2973286938358803	0.6141892079792287

1.291154368538742	0.6271471401873879

1.2848506182776547	0.6400430051942706

1.278418066960255	0.6528755103019173

1.2718573514055618	0.6656433690837622

1.2651691212809388	0.6783453015135906

1.258354039037771	0.6909800340938621

1.2514127798458563	0.7035462999833874

1.2443460315265262	0.7160428391243463

1.2371544944844945	0.7284683983686334

1.229838881638446	0.740821731603519

1.2223999183503698	0.7531015998766134

1.2148383423536449	0.7653067715201202

1.2071549036798848	0.7774360222743686

1.1993503645845491	0.7894881354106106

1.1914254994713283	0.8014619018530708

1.1833810948153107	0.8133561203002377

1.175217949084938	0.8251695973453832

1.166936872662757	0.836901147596299

1.1585386877649775	0.8485495937942367

1.150024228359841	0.8601137669320416

1.1413943400848114	0.8715925063714666

1.1326498801625946	0.8829846599596554

1.123791717315994	0.8942890841447823

1.1148207316816132	0.9055046440908385

1.1057378147224126	0.9166302137915523

1.096543869139129	0.9276646761834315

1.087239808780566	0.9386069232579182

1.0778265585527673	0.9494558561726424

1.0683050543270771	0.9602103853617656

1.0586762428471013	0.9708694306454023

1.0489410816345761	0.9814319213381072

1.039100538894154	0.9918967963564195

1.0291555934171175	1.002263004325452

1.0191072344840275	1.012529503684515

1.0089564617663203	1.022695262791763

0.9987042852268585	1.0327592600278563

0.9883517250194491	1.0427204838986242

0.9778998113873373	1.052577933136721

0.9673495845606853	1.062330616802266

0.9567020946530486	1.0719775543824526

0.9459584015568576	1.0815177758901233

0.9351195748379174	1.0909503219612946

0.9241866936289335	1.1002742439516247

0.9131608465220764	1.109488604031815

0.9020431314605951	1.1185924752819347

0.8908346556294893	1.1275849417846586

0.8795365353452519	1.1364650987174088

0.8681498959446942	1.1452320524433932

0.8566758716728616	1.1538849206015291

0.8451156055700544	1.1624228321952426

0.8334702493579627	1.1708449276801383

0.8217409633249273	1.1791503590505257

0.8099289162103388	1.1873382899247986

0.7980352850881856	1.1954078956296539

0.7860612552497618	1.203358363283145

0.774008020085549	1.2111888918765605

0.7618767809662813	1.218898692355119

0.749668747123206	1.2264869876974729

0.7373851355275531	1.2339530129940124

0.7250271707692247	1.241296015523963

0.7125960849347158	1.248515254831267

0.7000931174842798	1.2556100027992434

0.6875195151283502	1.2625795437240162

0.6748765317032318	1.2694231743867066

0.6621654280460721	1.2761402041243792

0.6493874718691272	1.2827299548997368

0.636543937633333	1.2891917613695556

0.6236361064211965	1.2955249709518546

0.6106652658090174	1.3017289438917927

0.5976327097384542	1.3078030533262854

0.5845397383874479	1.3137466853473367

0.5713876580405147	1.3195592390640776

0.558177780958423	1.325240126663506

0.5449114252472639	1.3307887734699235

0.5315899147269334	1.3362046180030593

0.5182145787990347	1.3414871120348784

0.5047867523142159	1.3466357206450679

0.4913077754389574	1.3516499222751939

0.4777789935218194	1.3565292087815264

0.4642017569591661	1.361273085486525

0.45057742106037685	1.3658810712289793

0.43690734591256053	1.3703526984128023

0.4231928962447847	1.3746875130544673

0.40943544129183385	1.3788850748290888

0.3956363546575106	1.3829449571151364

0.38179701417749284	1.3868667470377836

0.36791880178176056	1.3906500455108823

0.3540031033566072	1.3942944672775621

0.3400513086062476	1.3977996409494462

0.32606481091403794	1.4011652090444848

0.31204500720332023	1.404390828023399

0.2979932977979061	1.4074761683247314

0.28391108628221384	1.4104209143985025

0.26979977936107175	1.4132247647384646

0.25566078671920306	1.4158874319129569

0.24149552088040552	1.4184086425943512

0.22730539706643998	1.42078813758709

0.21309183305564242	1.4230256718543146

0.1988562490412729	1.4251210145430746

0.1846000674896161	1.4270739490081237

0.17032471299784763	1.4288842728342945

0.15603161215167974	1.430551797857452

0.14172219338280143	1.4320763501840224

0.12739788682612663	1.4334577702090956

0.113060124176865	1.4346959126331016

0.09871033854742955	1.4357906464770545

0.08434996432419532	1.4367418550963666

0.06998043702412354	1.4375494361932313

0.05560319315126563	1.4382133018275676

0.04121967005316116	1.4387333784265344

0.026831305777144487	1.4391096067926052

0.012439538926574005	1.4393419421102067

-0.0019541914830012268	1.4394303539509197

-0.016348446167723348	1.4393748262772408

-0.03074178571934156	1.4391753574449067

-0.04513277074914764	1.4388319602037771

-0.05951996203191668	1.4383446616972804

-0.07390192064983868	1.4377135034604187

-0.08827720813642662	1.4369385414163336

-0.10264438662038654	1.436019845871434

-0.11700201896943536	1.4349575015090834

-0.13134866893405195	1.4337516073818513

-0.14568290129114708	1.4324022769023261

-0.16000328198763805	1.430909637832492

-0.17430837828391327	1.4292738322716696

-0.18859675889717284	1.4274950166430236

-0.20286699414463064	1.4255733616786357

-0.2171176560865634	1.4235090524031475

-0.23134731866919267	1.4213022881159718

-0.24555455786738564	1.418953282372077

-0.2597379518271597	1.4164622629613437

-0.2738960810079774	1.4138294718864979

-0.28802752832481715	1.4110551653396208

-0.3021308792900052	1.408139613677239

-0.31620472215479534	1.405083101393997

-0.3302476480506814	1.4018859270949142

-0.3442582511304293	1.39854840346623

-0.35823512870881336	1.3950708572448391

-0.372176881403044	1.39145362918632

-0.38608211327287206	1.3876970740315597

-0.3999494319603558	1.3838015604719802

-0.4137774488292766	1.3797674711133647

-0.42756477910418944	1.3755952024382943

-0.4413100420090948	1.3712851647671913

-0.45501186090571644	1.3668377822179811

-0.4686688634313736	1.3622534926643686

-0.4822796816364315	1.3575327476927381

-0.4958429521213179	1.3526760125576813

-0.5093573161730917	1.347683766136154

-0.5228214199015488	1.3425565008802696

-0.5362339143748539	1.337294722768732

-0.5495934557546819	1.3318989512569142

-0.5628987054308572	1.3263697192255859

-0.5761483301554772	1.3207075729282967

-0.5893410021765062	1.3149130719374187

-0.602475399370826	1.3089867890888551

-0.6155502053767301	1.3029293104254196

-0.6285641097258499	1.2967412351388916

-0.6415158079744956	1.2904231755107547

-0.6544040018344037	1.283975756851622

-0.667227399302874	1.2773996174393565

-0.679984714792285	1.2706954084558917

-0.692674669258974	1.2638637939227573

-0.7052959903314701	1.2569054506353194

-0.7178474124380649	1.249821068095739

-0.7303276769337113	1.242611348444656

-0.7427355322262345	1.2352770063916076

-0.7550697339018448	1.2278187691441855

-0.7673290448499391	1.2202373763359384

-0.7795122353871773	1.2125335799530306

-0.791618083380823	1.2047081442596599

-0.803645374371335	1.196761845722245

-0.8155929016941982	1.1886954729323886

-0.8274594666009797	1.1805098265286234

-0.8392438783796008	1.1722057191169502

-0.8509449544738107	1.1637839751901762

-0.8625615206018507	1.1552454310460583

-0.8740924108742961	1.1465909347042635

-0.8855364679110669	1.1378213458221529

-0.8968925429575906	1.1289375356093965

-0.9081594960001106	1.1199403867414301

-0.9193361958801248	1.1108307932717605

-0.9304215204079453	1.1016096605431274

-0.9414143564753663	1.0922779050975342

-0.9523136001674297	1.082836454585153

-0.9631181568732771	1.073286247672114

-0.9738269413960763	1.0636282339471894

-0.9844388780620132	1.05386337382738

-0.9949529008283354	1.043992638462414

-1.0053679533904387	1.0340170096381691

-1.0156829892879855	1.0239374796790237

-1.0258969720100435	1.0137550513491518

-1.0360088750992347	1.0034707377527674

-1.046017682254885	0.9930855622333311

-1.0559223874351618	0.9826005582717263

-1.065721994958193	0.9720167693834179

-1.075415519602153	0.9613352490146013

-1.085001986704309	0.9505570604373544

-1.094480432259015	0.9396832766438005

-1.1038499030146465	0.9287149802392942

-1.113109456569464	0.9176532633346418

-1.122258161466396	0.9064992274373638

-1.131295097286733	0.8952539833420139

-1.1402193547427208	0.883918651019563

-1.1490300357690477	0.8724943595058603

-1.1577262536132122	0.8609822467891821

-1.1663071329247636	0.8493834596968802

-1.1747718098434092	0.8376991537811401

-1.1831194320859744	0.8259304932038615

-1.1913491590322107	0.8140786506206715

-1.1994601618094416	0.8021448070640839

-1.207451623376037	0.7901301518258128

-1.2153227386037107	0.7780358823382568

-1.223072714358628	0.7658632040551613

-1.2307007695813206	0.7536133303314736

-1.2382061353653957	0.7412874823024022

-1.2455880550350356	0.7288868887616906

-1.2528457842212766	0.7164127860391212

-1.259978590937062	0.7038664178772573

-1.266985755651061	0.6912490353074398

-1.2738665713602442	0.6785618965250464

-1.2806203436612105	0.6658062667640308

-1.2872463908202592	0.6529834181707496

-1.293744043842196	0.6400946296770926

-1.300112646537871	0.6271411868729287

-1.3063515555904368	0.6141243818778781

-1.3124601406203256	0.6010455132124267

-1.3184377842489343	0.5879058856683931

-1.324283882161012	0.5747068101787619

-1.3299978431657455	0.5614496036868972

-1.3355790892565353	0.5481355890151476

-1.3410270556694552	0.5347660947328569

-1.3463411909403922	0.521342455023794

-1.3515209569608566	0.5078660095530144

-1.3565658290324627	0.494338103333167

-1.3614752959200684	0.48076008659025904

-1.366248859903573	0.46713331462889357

-1.3708860368283642	0.4534591476969921

-1.3753863561544133	0.439738950850016

-1.3797493610040095	0.42597409381470064

-1.3839746082081315	0.4121659508523151

-1.3880616683514493	0.39831590062146244

-1.3920101258159552	0.3844253260404324

-1.3958195788232142	0.3704956141491218

-1.3994896394752347	0.3565281559705359

-1.403019933793953	0.3425243463718842

-1.406410101759327	0.3284855839252854

-1.4096597973460356	0.31441327076809394

-1.4127686885587827	0.3003088124628644

-1.4157364574661973	0.28617361785696493

-1.4185628002333301	0.2720090989418565

-1.4212474271527427	0.2578166707120496

-1.4237900626741844	0.2435977510237544

-1.4261904454328551	0.22935376045323694

-1.4284483282762515	0.21508612215489706

-1.4305634782895935	0.20079626171908066

-1.432535676819827	0.18648560702964176

-1.434364719498203	0.17215558812126774

-1.4360504162614283	0.15780763703658268

-1.4375925913713876	0.14344318768304248

-1.4389910834334336	0.12906367568963653

-1.440245745413244	0.11467053826340995

-1.4413564446522429	0.10026521404582092

-1.4423230628815848	0.08584914296894734

-1.4431454962347021	0.07142376611155726

-1.4438236552584118	0.05699052555505746

-1.4443574649225808	0.04255086423933446

-1.444746864628351	0.028106225818502674

-1.4449918082149202	0.0136580545165737

-1.4450922639648804	-0.0007922050169384184

-1.4450482146081118	-0.0152431078514618

-1.444859657324232	-0.029693208919846628

-1.4445266037436002	-0.04414106316286595

-1.444049079946878	-0.05858522567372288

-1.443427126463142	-0.07302425184254982

-1.442660798266555	-0.08745669750088517

-1.4417501647715893	-0.10188111906611319

-1.440695309826809	-0.11629607368585243

-1.4394963317072045	-0.13070011938227838

-1.438153343105089	-0.14509181519636585

-1.4366664711195476	-0.15946972133203682

-1.4350358572444493	-0.17383239930019898

-1.433261657355016	-0.18817841206266095

-1.4313440416929555	-0.20250632417590955

-1.4292831948501539	-0.2168147019347347

-1.4270793157509352	-0.23110211351568785

-1.4247326176328845	-0.2453671291203593

-1.42224332802624	-0.2596083211184601

-1.4196116887318546	-0.27382426419069456

-1.4168379557977293	-0.2880135354714083

-1.4139223994941201	-0.30217471469099877

-1.4108653042872226	-0.3163063843180727

-1.4076669688114345	-0.33040712970133695

-1.4043277058402008	-0.3444755392112087

-1.4008478422554425	-0.35851020438113046

-1.3972277190155746	-0.37250972004857535

-1.3934676911221133	-0.38647268449572986

-1.389568127584878	-0.40039769958983856

-1.3855294113857899	-0.41428337092319756

-1.3813519394412732	-0.42812830795278234

-1.3770361225632592	-0.4419311241394962

-1.3725823854188	-0.4556904370870253

-1.3679911664882942	-0.4694048686802861

-1.3632629180223292	-0.48307304522345196

-1.358398105997144	-0.4966935975775446

-1.3533972100687186	-0.5102651612975766

-1.348260723525491	-0.5237863767692313

-1.3429891532397105	-0.5372558893450671

-1.3375830196174288	-0.5506723494802306

-1.332042856547136	-0.5640344128676679

-1.3263692113470456	-0.5773407405728175

-1.3205626447110337	-0.5905899991677735

-1.3146237306532382	-0.6037808608649047

-1.3085530564513228	-0.6169120036499154

-1.3023512225884124	-0.6299821114143374

-1.2960188426937043	-0.6429898740874361

-1.2895565434817624	-0.655933987767521

-1.2829649646905	-0.6688131548526444

-1.276244759017856	-0.681626084170678

-1.2693965920571737	-0.6943714911087523

-1.2624211422312845	-0.7070480977420462

-1.2553191007253082	-0.7196546329619155

-1.2480911714181708	-0.7321898326033445

-1.240738070812852	-0.7446524395717111

-1.2332605279653643	-0.7570412039688503

-1.2256592844124767	-0.7693548832184047

-1.2179350940981823	-0.781592242190449

-1.2100887232989253	-0.7937520533253759

-1.202120950547589	-0.8058330967570321

-1.1940325665562548	-0.817834160435089

-1.18582437413774	-0.8297540402466407

-1.17749718812592	-0.8415915401370119

-1.1690518352948467	-0.8533454722297676

-1.1604891542766664	-0.8650146569459103

-1.1518099954783505	-0.8765979231222533

-1.143015220997241	-0.8880941081289586

-1.1341057045354266	-0.8995020579862278

-1.1250823313129508	-0.9108206274801324

-1.1159459979798665	-0.9220486802775749

-1.1066976125271413	-0.9331850890403666

-1.0973380941964244	-0.9442287355384119

-1.0878683733886854	-0.9551785107619876

-1.0782893915717306	-0.9660333150331054

-1.0686021011866103	-0.9767920581159468

-1.0588074655529212	-0.98745365932636

-1.0489064587730188	-0.998017047640406

-1.0389000656351455	-1.0084811618019451

-1.028789281515485	-1.0188449504292514

-1.0185751122791546	-1.0291073721206454

-1.008258574180141	-1.039267395559134

-0.9978406937601951	-1.0493239996160464

-0.9873225077466906	-1.0592761734536578

-0.9767050629494602	-1.0691229166267884

-0.9659894161566186	-1.0788632391833672

-0.9551766340293809	-1.0884961617639537

-0.9442677929958906	-1.0980207157002033

-0.9332639791440637	-1.1074359431122698

-0.9221662881134624	-1.1167408970051325

-0.9109758249862081	-1.1259346413638418

-0.8996937041769449	-1.1350162512476696

-0.8883210493218638	-1.1439848128831578

-0.8768589931667992	-1.1528394237560542

-0.8653086774544093	-1.1615791927021284

-0.8536712528104515	-1.1702032399968547

-0.8419478786291626	-1.1787106974439594

-0.8301397229577573	-1.187100708462815

-0.8182479623800551	-1.195372428174681

-0.8062737818992488	-1.203525023487777

-0.7942183748198236	-1.2115576731811823

-0.7820829426286412	-1.2194695679875511

-0.7698686948751999	-1.2272599106746378

-0.7575768490510816	-1.234927916125623

-0.745208630468599	-1.2424728114182306

-0.7327652721386549	-1.2498938359026313

-0.7202480146478252	-1.2571902412781202

-0.7076581060346778	-1.2643612916685665

-0.6949968016653412	-1.2714062636966215

-0.6822653641083333	-1.2783244465566823

-0.6694650630086637	-1.2851151420866016

-0.6565971749612225	-1.291777664838136

-0.6436629833834671	-1.2983113421461272

-0.6306637783874212	-1.3047155141964082

-0.6176008566509974	-1.3109895340924276

-0.6044755212886568	-1.317132767920585

-0.5912890817214187	-1.3231445948142737

-0.5780428535462329	-1.3290244070166175

-0.564738158404728	-1.3347716099419045

-0.5513763238513487	-1.3403856222357031

-0.5379586832208954	-1.3458658758336606

-0.5244865754954782	-1.3512118160189734

-0.5109613451709011	-1.3564229014785278

-0.4973843421224865	-1.3614986043576998

-0.4837569214703564	-1.3664384103138154

-0.4700804434441815	-1.371241818568261

-0.4563562732474128	-1.3759083419572387

-0.4425857809210092	-1.3804375069811636

-0.4287703412066745	-1.384828853852699

-0.41491133340961733	-1.3890819365434193

-0.4010101412608479	-1.3931963228291018

-0.3870681527790253	-1.3971715943336394

-0.37308676013186937	-1.401007346571571

-0.35906735949715035	-1.4047031889892256

-0.3450113509232706	-1.4082587450044723

-0.3309201381894528	-1.4116736520450799

-0.31679512866554727	-1.4149475615856733

-0.3026377331714739	-1.418080139183289

