0.9409	2.92105

0.8835584221971972	2.844155529296797

0.8279345968222249	2.769272961905383

0.7739887176045982	2.6963595647539775

0.7216818240959731	2.6253734797146144

0.6709757843491716	2.5562737059924054

0.6218332779458695	2.4890200828663507

0.5742177793659882	2.423573272774708

0.5280935416919674	2.3598947447380674

0.4834255806412331	2.2979467581134205

0.4401796589203065	2.2376923466726417

0.39832227089413264	2.1790953029989275

0.3578206275643307	2.1221201631948783

0.31864264185019875	2.0667321918960173

0.28075691416642296	2.01289736758368

0.24413271829156577	1.9605823681913153

0.20873998752152287	1.9097545569983634

0.1745493011022553	1.8603819688059944

0.14153187093621655	1.8124332963890961

0.10965952855700448	1.7658778772190202

0.07890471236687802	1.7206856804516988

0.049240455131884006	1.6768272941758524

0.020640371729444867	1.634273912916117

-0.006921352856640049	1.5929973253860155

-0.033469975298726154	1.5529699024858052

-0.05903020545023671	1.5141645855403285

-0.08362621763770903	1.4765548747720896

-0.10728166172463109	1.4401148180048793

-0.13001967395163322	1.4048189995933573

-0.15186288755750849	1.3706425295740978

-0.17283344318544655	1.3375610330336882

-0.19295299907877855	1.3055506396895635

-0.21224274107044477	1.2745879736793395

-0.2307233923703132	1.2446501435544974

-0.24841522315439507	1.21571473247435

-0.26533805995992243	1.1877597885963027

-0.2815112948901745	1.1607638156585018

-0.2969538946328617	1.1347057637510405

-0.31168440929580044	1.1095650202719667

-0.3257209810635379	1.0853214010644143

-0.33908135267851264	1.0619551417312505

-0.35178287575026534	1.0394468891237043

-0.363842518896145	1.0177776930005118

-0.375276875716886	0.9969289978541819

-0.386102172610365	0.9768826349010531

-0.3963342764267808	0.9576208142318806

-0.4059887019684351	0.9391261171197542

-0.4150806193372292	0.9213814884822139

-0.4236248611329296	0.9043702294944908

-0.4316359295051951	0.8880759903508628

-0.4391280030622967	0.8724827631711735

-0.4461149436394055	0.8575748750496212

-0.45261030292926485	0.8433369812429852

-0.4586273289780073	0.8297540584955077

-0.46417897254882234	0.8168113984977095

-0.46927789335612646	0.8044946014764703

-0.47393646617283425	0.7927895699137558

-0.47816678681327773	0.781682502391428

-0.4819806779942701	0.7711598875596256

-0.48538969507676066	0.7612084982262501

-0.4884051316904783	0.7518153855651435

-0.49103802524391355	0.7429678734405903

-0.49329916232194254	0.7346535528458257

-0.49519908397334966	0.726860276453274

-0.4967480908904612	0.7195761532742919

-0.49795624848305786	0.7127895434262299

-0.49883339184869124	0.7064890530046727

-0.4993891306414862	0.70066352905876

-0.4996328538414702	0.6953020546675313

-0.4995737344264298	0.6903939441152794

-0.4992207339482544	0.6859287381639368

-0.49858260701568813	0.6818961994205583

-0.49766790568537334	0.6782863077980036

-0.4964849837630301	0.675089256066958

-0.49504200101658025	0.6722954454974698

-0.49334692730298896	0.6698954815882162

-0.4914075466105595	0.6678801698817477

-0.4892314610183847	0.6662405118639932

-0.48682609457462217	0.6649677009463449

-0.4841986970952291	0.6640531185286728

-0.4813563478847587	0.6634883301416533

-0.4783059593807878	0.663265081666829

-0.4750542807235161	0.663375295632844

-0.4716079012520434	0.6638110675863377

-0.46797325392880446	0.6645646625360011

-0.464156618693609	0.6656285114683377

-0.46016412574870696	0.6669952079336939

-0.4560017587762697	0.6686575047011565

-0.4516753580896515	0.670608310480939

-0.4471906237197665	0.6728406867129111

-0.4425531184378911	0.6753478444199453

-0.43776827071617525	0.6781231411247892

-0.4328413776271198	0.6811600778291902

-0.42777760768325285	0.6844522960540297

-0.42258200361821235	0.6879935749392465

-0.41725948511041994	0.6917778284023541

-0.41181485145050434	0.6957991023543791

-0.40625278415361243	0.7000515719720736

-0.4005778495177216	0.7045295390252746

-0.3947945011290452	0.7092274292583085

-0.3889070823156012	0.7141397898243582

-0.3829198285499926	0.7192612867717338

-0.37683686980242664	0.7245867025810078

-0.37066223284498095	0.7301109337519971

-0.3643998435081023	0.7358289884395942

-0.3580535288903058	0.7417359841374691

-0.35162701952202197	0.7478271454086841

-0.34512395148452074	0.754097801662282

-0.33854786848482193	0.7605433849749269

-0.331902223887485	0.7671594279566957

-0.3251903827041515	0.7739415616601356

-0.3184156235416969	0.7808855135317212

-0.31158114050983154	0.7879871054048612

-0.304690045088973	0.7952422515336233

-0.29774536795919604	0.8026469566663598

-0.2907500607910497	0.8101973141584358

-0.2837069979990169	0.8178895041232748

-0.2766189784583734	0.8257197916209545

-0.2694887271861911	0.8336845248836003

-0.26231889698721295	0.8417801335768365

-0.2551120700653142	0.8500031270965748

-0.24787075960124935	0.8583500929004304

-0.24059741129736964	0.8668176948730696

-0.23329440488998412	0.87540267172481

-0.22596405563002142	0.8841018354228058

-0.21860861573263804	0.8929120696541636

-0.21123027579640496	0.9018303283203476

-0.20383116619269212	0.9108536340622478

-0.1964133584258579	0.9199790768152941

-0.18897886646483816	0.9292038123940127

-0.1815296480467181	0.9385250611054352

-0.17406760595285767	0.9479401063907793

-0.1665945892581307	0.9574462934948342

-0.1591123945538259	0.9670410281624938

-0.1516227671447472	0.9767217753618914

-0.14412740222104037	0.9864860580336031

-0.13662794600526143	0.996331455865394

-0.12912599687519316	1.0062556040919943

-0.12162310646290472	1.016256192319404

-0.11412078073054029	1.026330963373229

-0.10662048102331223	1.0364777121705684

-0.0991236251001653	1.0466942846149798

-0.09163158814256839	1.0569785765140542

-0.0841457037418818	1.0673285325191502

-0.07666726486573847	1.0777421450868385

-0.06919752480386902	1.0882174534616218

-0.061737698093791794	1.0987525426794988

-0.05428896142678056	1.109345542591957

-0.04685245453451425	1.1199946269099776

-0.039429281056804974	1.1306980122676547

-0.03202050939079251	1.1414539573050286

-0.02462717352198572	1.1522607617697516

-0.017250273837523655	1.1631167656372

-0.00989077792202157	1.1740203482486673

-0.0025496213363597467	1.1849699274672691

0.00477229162023425	1.195963958851205

0.01207408716446625	1.2070009348440263

0.019354921299282443	1.218079383981568

0.02661397909987278	1.2291978701152064

0.03385047401504758	1.240354991651115

0.04106364718367066	1.2515493808051952

0.048252766765838694	1.2627797028733645

0.055417127288502774	1.2740446555168938

0.06255604900523426	1.2853429680624875

0.06966887726984307	1.296673400816811

0.07675498192356245	1.308034744395172

0.08381375669551994	1.3194258190640706

0.09084461861622013	1.3308454740973368

0.0978470074437701	1.3422925871455824

0.10482038510258408	1.3537660636186957

0.11176423513430904	1.3652648360811173

0.11867806216071831	1.3767878636596373

0.1255613913583253	1.3883341314634612

0.1324137679444744	1.399902650016295

0.13923475667467125	1.4114924547002077

0.1460239413509192	1.4231026052110314

0.1527809243408335	1.4347321850250672

0.1595053261073095	1.446380300876864

0.16619678474852564	1.4580460822478518

0.1728549555480664	1.4697286808656027

0.17947951053495473	1.4814272702135094

0.1860701380533878	1.4931410450506684

0.19262654234197418	1.504869220941759

0.19914844312227442	1.516611033796718

0.20563557519645112	1.5283657394200103

0.21208768805383876	1.5401326130692994

0.21850454548624687	1.5519109490233292

0.22488592521181452	1.563700060158828

0.2312316185072375	1.5754992775362529

0.23754142984819288	1.5873079499941938

0.2438151765577899	1.599125443752262

0.2500526884628792	1.6109511420222897

0.25625380755805566	1.6227844446276731

0.2624183876771938	1.6346247676306913

0.2685462941723577	1.6464715429676402

0.2746374035999314	1.6583242180916227

0.28069160341381705	1.6701822556228376

0.28670879166555363	1.6820451330062156

0.2926888767112097	1.6939123421762527

0.2986317769249086	1.7057833892288947

0.30453742041884635	1.7176577941003277

0.31040574476966465	1.7295350902525348

0.3162366967510466	1.7414148243654812

0.32203023207240256	1.7532965560357923

0.3277863151235184	1.7651798574817907

0.33350491872504023	1.7770643132547657

0.33918602388467145	1.7889495199563437

0.34482961955896285	1.800835085961839

0.35043570242057576	1.81272063114946

0.35600427663090356	1.8246057866352516

0.3615353536179374	1.8364901945136582

0.36702895185926515	1.848373507603589

0.37248509667009433	1.8602553891998772

0.37790381999619277	1.872135512830019

0.383285160211642	1.884013562016086

0.3886291619213013	1.8958892300417052

0.3939358757678822	1.9077622197240016

0.39920535824353437	1.9196322431904036

0.40443767150584803	1.9314990216602086

0.40963288319817753	1.9433622852308146

0.41479106627419404	1.9552217726685182

0.4199122988265774	1.9670772312037894

0.4249966639197578	1.9789284163309278

0.43004424942662156	1.990775091612011

0.43505514786909444	2.0026170284850497

0.44002945626252143	2.014454006076258

0.44496727596375946	2.0262858110163586

0.44986871252290456	2.0381122372608393

0.4547338755385747	2.0499330859140756

0.4595628785166717	2.061748165057245

0.46435583873254765	2.07355728957995

0.46911287709650196	2.08536028101548

0.4738341180225371	2.0971569673796284

0.47851968930030314	2.108947183012998

0.48316972197016117	2.1207307684267214

0.48778435020129907	2.1325075701515224

0.4923637111728325	2.1442774405900566

0.49690794495782686	2.1560402378724546

0.5014171944101766	2.1677958257150087

0.5058916050542801	2.1795440732819333

0.5103313249774479	2.19128485505014

0.514736504724987	2.203018050676959

0.5191072971979002	2.2147435448707533

0.5234438575531455	2.2264612272643562

0.5277463431063985	2.238170992291285

0.5320149132372628	2.2498727390646613

0.5362497292968758	2.2615663712587932

0.5404509545178555	2.2732517969933532

0.5446187539265396	2.284928928720107

0.5487532942574629	2.2965976831121346

0.5528547438700274	2.308257980955495

0.5569232726673137	2.31990974704328

0.560959052016988	2.3315529100720127

0.5649622546742585	2.3431874025403343

0.5689330547068346	2.3548131606499414

0.5728716274218454	2.366430124208716

0.576778149294674	2.3780382365360127

0.5806527978996647	2.389637444370049

0.5844957518426617	2.4012276977773626

0.5883071906953374	2.412808950064284

0.5920872949312728	2.4243811576903944

0.5958362458637473	2.4359442801839113

0.5995542255852035	2.447498280058977

0.6032414169083461	2.4590431227348

0.6068980033088398	2.4705787764566147

0.6105241688695708	2.4821052122184195

0.6141200982264354	2.4936224036874566

0.6176859765156215	2.5051303271303986

0.62122198932235	2.5166289613412025

0.624728322631042	2.5281182875705994

0.6282051627768814	2.539598289457182

0.6316526963987377	2.551068952960061

0.6350711103934222	2.5625302662930514

0.6384605918712446	2.5739822198603632

0.6418213281128403	2.5854248061937577

0.6451535065272412	2.5968580198911435

0.6484573146111594	2.6082818575565803

0.6517329399094572	2.6196963177416603

0.6549805699767764	2.631101400888238

0.6582003923402985	2.642497109272479

0.6613925944636119	2.6538834469502053

0.6645573637116589	2.665260419703498

0.6676948873167384	2.676628034988546

0.6708053523455392	2.687986301884699

0.67388894566718	2.6993352310447114

0.6769458539222337	2.7106748346461447

0.6799762634927108	2.7220051263439045

0.6829803604729822	2.7333261212238917

0.6859583306416169	2.74463783575774

0.6889103594341153	2.755940287758617

0.6918366319165142	2.767233496338071

0.694737332759847	2.7785174818638927

0.6976126462154338	2.7897922659189773

0.7004627560909872	2.8010578712611633

0.7032878457275091	2.8123143217840245

0.7060880979769643	2.8235616424785994

0.7088636951807085	2.8347998593960337

0.7116148191486561	2.84602899961112

0.7143416511391669	2.85724909118671

0.7170443718396368	2.868460163138987

0.7197231613477739	2.8796622454035754

0.7223781991535451	2.890855368802471

0.7250096641217746	2.9020395650117727

0.7276177344753813	2.9132148665302027

0.7302025877792366	2.924381306648391

0.7327644009246306	2.9355389194189145

0.7353033501143278	2.946687739627071

0.7378196108482026	2.9578278027623712

0.7403133579094358	2.9689591449907353

0.7427847653512613	2.980081803127378

0.7452340064842479	2.9911958146103683

0.7476612538641035	3.0023012174748445

0.7500666792799882	3.0133980503278774

0.7524504537433236	3.024486352323961

0.7548127474770872	3.0355661631411217

0.7571537299055765	3.046637522957628

0.759473569644635	3.0577004724292918

0.761772434492325	3.0687550526673477

0.7640504914200378	3.0798013052168915

0.7663079065640289	3.0908392720358764

0.7685448452173689	3.1018689954746432

0.7707614718222969	3.1128905182559827

0.7729579499629693	3.123903883455711

0.7751344423585902	3.13490913448375

0.7772911108569164	3.1459063150657007

0.7794281164281255	3.1568954692249025

0.7815456191590384	3.167876641264957

0.7836437782476864	3.1788498757527197

0.7857227519982137	3.1898152175017405

0.7877826978161075	3.2007727115561426

0.789823772203745	3.2117224031749347

0.7918461307562507	3.2226643378167443

0.7938499281576546	3.2335985611249636

0.7958353181773438	3.2445251189132946

0.797802453666798	3.2554440571516925

0.7997514865566041	3.2663554219526896

0.8016825678537387	3.2772592595580985

0.8035958476391143	3.2881556163260806

0.8054914750653792	3.299044538718575

0.8073695983549666	3.3099260732890774

0.8092303647983833	3.3208002666707634

0.8110739207527337	3.331667165564947

0.8129004116404703	3.3425268167298654

0.8147099819483665	3.353379266969785

0.8165027752267028	3.36422456312442

0.818278934088662	3.375062752058659

0.8200386002099278	3.385893880652585

0.8217819143284784	3.396717995791792

0.8235090162445718	3.407535144357986

0.8252200448209169	3.418345373219863

0.8269151379830225	3.429148729224259

0.8285944327197226	3.439945259187568

0.8302580650838689	3.4507350098874183

0.831906170193189	3.4615180280546016

0.8335388822313019	3.4722943603652516

0.8351563344488884	3.4830640534332633

0.8367586591650104	3.493827153802948

0.8383459877685752	3.5045837079419226

0.839918450719939	3.5153337622342185

0.8414761775526467	3.5260773629736155

0.8430192968753022	3.5368145563571884

0.8445479363735663	3.547545388479063

0.8460622228122767	3.558269905324379

0.8475622820376878	3.5689881527634495

0.8490482389798238	3.5797001765461185

0.8505202176549443	3.590406022296308

0.8519783411681158	3.6011057355067515

0.8534227317158873	3.611799361533907

0.8548535105890663	3.622486945593049

0.8562707981755902	3.6331685327535355

0.8576747139634909	3.6438441679342377

0.8590653765439502	3.6545138958991394

0.8604429036144401	3.6651777612530965

0.8618074119819472	3.67583580843775

0.8631590175662771	3.6864880817275947

0.8644978354034358	3.697134625226198

0.8658239796490855	3.707775482862561

0.8671375635820715	3.718410698387622

0.8684386996080177	3.7290403153709017

0.8697274992629879	3.7396643771972795

0.8710040732172101	3.7502829270639033

0.8722685312788616	3.7608960079772276

0.8735209823979116	3.771503662750176

0.8747615346700199	3.782105933999426

0.875990295340488	3.7927028641428127

0.8772073708082615	3.8032944953968486

0.8784128666299809	3.813880869774357

0.8796068875240783	3.824462029082213

0.8807895373749188	3.8350380149191947

0.8819609192369829	3.8456088686739376

0.8831211353390895	3.8561746315229906

0.8842702870886568	3.8667353444289714

0.8854084750759985	3.87729104813882

0.8865357990786547	3.887841783182144

0.8876523580657543	3.898387589869656

0.8887582502024084	3.908928508291703

0.8898535728541317	3.9194645783168793

0.8909384225912911	3.9299958395907253

0.8920128951935792	3.9405223315345097

0.8930770856545117	3.9510440933440902

0.8941310881859466	3.9615611639888537

0.8951749962226236	3.972073582210731

0.8962089024267232	3.982581386523288

0.8972328986924423	3.993084615210885

0.8982470761505863	4.003583306327909

0.8992515251731763	4.014077497698072

0.900246335378069	4.0245672269137795

0.901231595633589	4.035052531335556

0.9022073940631716	4.045533448091541

0.9031738180500156	4.056010014077039

0.9041309542417438	4.066482265954134

0.9050788885550712	4.076950240151358

0.9060177061804792	4.087413972863418

0.9069474915868942	4.097873500050972

0.907868328526371	4.1083288574404655

0.9087803000387781	4.118780080524012

0.9096834884564852	4.129227204559324

0.910577975409052	4.139670264569701

0.9114638418279165	4.150109295344049

0.9123411679510816	4.160544331436961

0.9132100333278012	4.170975407168828

0.9140705168232625	4.1814025566260025

0.9149226966232651	4.191825813660999

0.9157666502388955	4.202245211892734

0.9166024545111964	4.212660784706809

0.9174301856158299	4.223072565255826

0.9182499190677346	4.233480586459742

0.919061729725774	4.24388488100626

0.9198656917973785	4.2542854813512525

0.9206618788431767	4.264682419719218

0.9214503637816186	4.275075728103771

0.9222312188935882	4.2854654382681625

0.9230045158270052	4.295851581745829

0.923770325601416	4.306234189840974

0.9245287186125722	4.316613293629173

0.925279764636997	4.326988923958008

0.9260235328365385	4.337361111447731

0.9267600917629097	4.347729886491946

0.9274895093622145	4.358095279258321

0.928211852979459	4.368457319689323

0.9289271893630481	4.378816037502973

0.9296355846692672	4.389171462193623

0.9303371044667471	4.399523623032759

0.9310318137409135	4.409872549069816

0.9317197768984196	4.420218269133022

0.9324010577715619	4.430560811830252

0.9330757196226788	4.440900205549906

0.9337438251485305	4.451236478461803

0.9344054364846625	4.461569658518089

0.9350606152097491	4.4718997734541635

0.9357094223499199	4.482226850789622

0.9363519183830653	4.492550917829211

0.9369881632431247	4.502872001663801

0.9376182163243538	4.513190129171362

0.9382421364855731	4.523505327017972

0.9388599820543952	4.533817621658814

0.939471810831433	4.544127039339205

0.9400776800944867	4.554433606095624

0.9406776466027097	4.564737347756752

0.941271766600755	4.575038289944531

0.9418600958228983	4.585336458075219

0.9424426894971422	4.595631877360468

0.9430196023492964	4.605924572808397

0.9435908886070383	4.616214569224685

0.9441566020039508	4.626501891213667

0.9447167957835378	4.636786563179431

0.9452715227032186	4.6470686093269356

0.9458208350382987	4.657348053663123

0.9463647845859197	4.6676249199980395

0.9469034226689852	4.6778992319459665

0.9474368001400655	4.688171012926553

0.9479649673852782	4.698440286165951

0.9484879743281476	4.708707074697964

0.9490058704334392	4.718971401365186

0.9495187047109732	4.72923328882016

0.9500265257194136	4.739492759526524

0.950529381570035	4.7497498357601735

0.9510273199304656	4.760004539610422

0.9515203880284075	4.770256892981156

0.9520086326553334	4.78050691759201

0.95249210017016	4.790754634979525

0.9529708365028982	4.801000066498317

0.95344488715828	4.8112432333222515

0.953914297219362	4.821484156445608

0.9543791113511051	4.831722856684256

0.9548393738039308	4.841959354676822

0.9552951284172548	4.852193670885867

0.9557464186229966	4.8624258255990505

0.9561932874490652	4.872655838930312

0.9566357775228226	4.882883730821035

0.9570739310745225	4.893109521041222

0.9575077899407268	4.903333229190661

0.9579373955676977	4.9135548747000986

0.9583627890147672	4.923774476832404

0.9587840109576828	4.933992054683736

0.9592011016919301	4.944207627184711

0.9596141011360318	4.954421213101561

0.9600230488348245	4.964632831037298

0.9604279839627105	4.97484249943287

0.960828945326888	4.98505023656832

0.961225971370558	4.995256060563937

0.9616191001761072	5.005459989381412

0.9620083694682687	5.01566204082498

0.96239381661726	5.02586223254257

0.962775478641897	5.036060582026948

0.9631533922126866	5.046257106616855

0.963527593654895	5.056451823498139

0.9638981189515952	5.066644749704896

0.9642650037466898	5.0768359021205915

0.9646282833479128	5.08702529747919

0.9649879927298086	5.0972129523662755

0.9653441665366878	5.107398883220167

0.9656968390855618	5.1175831063330355

0.9660460443690546	5.1277656378520104

0.9663918160582925	5.137946493780287

0.9667341875057716	5.148125689978226

0.9670731917482037	5.15830324216445

0.9674088615093401	5.1684791659169385

0.9677412292027736	5.178653476674109

0.9680703269347187	5.188826189735907

0.9683961865067704	5.198997320264878

0.9687188394186413	5.2091668832872475

0.9690383168708776	5.219334893693982

0.9693546497675533	5.229501366241858

0.9696678687189432	5.239666315554519

0.9699780040441758	5.249829756123527

0.9702850857738636	5.259991702309415

0.9705891436527136	5.270152168342726

0.9708902071421168	5.280311168325052

0.9711883054227164	5.29046871623007

0.9714834673969562	5.300624825904564

0.9717757216916083	5.310779511069453

0.9720650966602798	5.320932785320801

0.9723516203859002	5.331084662130836

0.9726353206831874	5.341235154848947

0.9729162251010953	5.351384276702691

0.9731943609252399	5.361532040798785

0.9734697551803062	5.371678460124095

0.9737424346324356	5.381823547546618

0.9740124257915933	5.391967315816463

0.9742797549139163	5.402109777566822

0.9745444480040422	5.412250945314935

0.9748065308174184	5.4223908314630505

0.9750660288625926	5.432529448299383

0.9753229674034838	5.4426668079990606

0.9755773714616344	5.452802922625067

0.9758292658184441	5.462937804129182

0.9760786750173842	5.473071464352912

0.9763256233661942	5.4832039150284135

0.9765701349390591	5.49333516777942

0.9768122335787691	5.503465234122148

0.9770519428988605	5.513594125466212

0.9772892862857391	5.523721853115524

0.9775242869007847	5.5338484282691915

0.9777569676824388	5.543973862022408

0.9779873513482735	5.554098165367338

0.9782154603970438	5.564221349193996

0.9784413171107211	5.574343424291121

0.978664943556511	5.584464401347042

0.9788863615888519	5.594584290950544

0.9791055928513978	5.604703103591716

0.9793226587789834	5.614820849662811

0.979537580599573	5.624937539459082

0.9797503793361911	5.635053183179623

0.9799610758088382	5.645167790928202

0.9801696906363881	5.655281372714088

0.9803762442384706	5.66539393845287

0.980580756837336	5.675505497967275

0.980783248459705	5.685616060987973

0.9809837389386011	5.695725637154386

0.9811822479151683	5.705834236015478

0.9813787948404714	5.715941867030554

0.9815733989772822	5.726048539570044

0.9817660794018487	5.736154262916283

0.9819568550056489	5.746259046264285

0.9821457444971303	5.756362898722513

0.9823327664034327	5.766465829313642

0.9825179390720964	5.776567846975318

0.9827012806727554	5.786668960560909

0.9828828091988154	5.79676917884025

0.983062542469117	5.8068685105003865

0.983240498129584	5.81696696414631

0.9834166936548575	5.827064548301684

0.9835911463499148	5.837161271409572

0.9837638733516745	5.847257141833154

0.9839348916305866	5.857352167856441

0.9841042179922092	5.867446357684982

0.9842718690787705	5.877539719446565

0.9844378613707172	5.887632261191917

0.9846022111882485	5.897723990895392

0.9847649346928369	5.907814916455657

0.9849260478887347	5.917905045696378

0.9850855666244679	5.927994386366889

0.9852435065943157	5.938082946142862

0.985399883339777	5.948170732626978

0.9855547122510239	5.958257753349579

0.9857080085683416	5.968344015769327

0.9858597873835557	5.978429527273852

0.9860100636414464	5.988514295180395

0.9861588521411496	5.998598326736446

0.9863061675375459	6.008681629120379

0.9864520243426361	6.01876420944208

0.9865964369269056	6.028846074743568

0.9867394195206745	6.03892723199962

0.986880986215437	6.049007688118375

0.9870211509651877	6.059087449941949

0.9871599275877363	6.069166524247036

0.9872973297660096	6.079244917745506

0.9874333710493424	6.089322637085

0.987568064854756	6.099399688849515

0.9877014244682254	6.109476079559992

0.9878334630459342	6.119551815674893

0.9879641936155189	6.129626903590775

0.9880936290773009	6.139701349642857

0.9882217822055079	6.149775160105591

0.9883486656494835	6.159848341193214

0.9884742919348857	6.16992089906031

0.9885986734648747	6.179992839802354

0.9887218225212897	6.190064169456264

0.9888437512658143	6.2001348940009375

0.9889644717411314	6.210205019357792

0.9890839958720683	6.220274551391294

0.9892023354667292	6.23034349590949

0.9893195022176194	6.240411858664525

0.9894355077027576	6.250479645353167

0.9895503633867782	6.260546861617316

0.9896640806220238	6.270613513044517

0.9897766706496273	6.280679605168466

0.9898881446005834	6.290745143469508

0.989998513496811	6.300810133375138

0.9901077882522054	6.31087458026049

0.9902159796736799	6.32093848944883

0.9903230984621992	6.331001866212033

0.9904291552138018	6.341064715771071

0.9905341604206134	6.351127043296484

0.9906381244718508	6.3611888539088515

0.9907410576548167	6.371250152679265

0.9908429701558843	6.381310944629784

0.9909438720614737	6.391371234733903

0.9910437733590187	6.401431027917002

0.991142683937924	6.411490329056799

0.9912406135905147	6.4215491429838005

0.9913375720129755	6.431607474481741

0.9914335688062816	6.441665328288025

0.991528613477122	6.451722709094164

0.9916227154388114	6.4617796215462056

0.9917158840121967	6.471836070245163

0.9918081284265523	6.481892059747442

0.9918994578204688	6.491947594565256

0.9919898812427322	6.502002679167049

0.9920794076531952	6.512057317977905

0.9921680459236406	6.522111515379959

0.9922558048386356	6.532165275712803

0.9923426930963793	6.542218603273887

0.9924287193095411	6.552271502318921

0.9925138920060916	6.562323977062266

0.9925982196301257	6.5723760316773285

0.992681710542678	6.582427670296948

0.9927643730225296	6.592478897013781

0.9928462152670089	6.602529715880683

0.9929272453927829	6.612580130911087

0.9930074714366426	6.622630146079374

0.9930869013562797	6.632679765321251

0.9931655430310572	6.642728992534112

0.993243404262771	6.652777831577405

0.993320492776406	6.662826286272993

0.9933968162208837	6.672874360405513

0.9934723821698036	6.682922057722728

0.9935471981221766	6.692969381935883

0.9936212715031525	6.703016336720045

0.9936946096647394	6.713062925714455

0.9937672198865175	6.72310915252287

0.9938391093763448	6.733155020713896

0.9939102852710571	6.743200533821331

0.9939807546371606	6.753245695344489

0.9940505244715185	6.763290508748539

0.9941196017020305	6.773334977464824

0.9941879931883058	6.783379104891188

0.9942557057223302	6.793422894392298

0.9943227460291266	6.803466349299956

0.9943891207674087	6.813509472913421

0.9944548365302288	6.823552268499716

0.9945198998456198	6.833594739293938

0.9945843171772304	6.843636888499564

0.9946480949249541	6.853678719288756

0.9947112394255532	6.863720234802661

0.9947737569532755	6.873761438151706

0.9948356537204661	6.883802332415897

0.9948969358781726	6.893842920645108

0.9949576095167451	6.9038832058593735

0.9950176806664298	6.9139231910491725

0.9950771552979577	6.923962879175716

0.9951360393231268	6.934002273171224

0.995194338595379	6.94404137593921

0.9952520589103718	6.9540801903547536

0.9953092060065442	6.964118719264776

0.9953657855656767	6.97415696548831

0.9954218032134469	6.984194931816772

0.9954772645199788	6.994232621014221

0.9955321750003875	7.0042700358176315

0.9955865401153181	7.01430717893715

0.9956403652714799	7.024344053056354

0.9956936558221751	7.034380660832508

0.9957464170678221	7.044417004896821

0.9957986542564747	7.054453087854693

0.9958503725843356	7.064488912285969

0.9959015771962648	7.074524480745184

0.9959522731862834	7.084559795761808

0.9960024655980728	7.0945948598404875

0.9960521594254682	7.104629675461287

0.9961013596129483	7.1146642450799265

0.9961500710561196	7.124698571128016

0.9961982986021966	7.134732656013293

0.996246047050476	7.144766502119847

0.9962933211528088	7.1548001118083535

0.9963401256140649	7.164833487416301

0.9963864650925955	7.174866631258213

0.9964323442006899	7.184899545625872

0.9964777675050278	7.194932232788542

0.9965227395271278	7.204964694993183

0.9965672647437913	7.214996934464671

0.9966113475875421	7.22502895340601

0.9966549924470613	7.235060753998546

0.9966982036676189	7.245092338402177

0.9967409855514999	7.255123708755559

0.9967833423584282	7.265154867176317

0.9968252783059841	7.275185815761245

0.9968667975700194	7.2852165565865095

0.9969079042850677	7.295247091707852

0.9969486025447513	7.305277423160787

0.9969888964021832	7.315307552960797

0.9970287898703665	7.325337483103529

0.9970682869225883	7.335367215564988

0.9971073914928114	7.345396752301726

0.9971461074760608	7.355426095251032

0.9971844387288078	7.365455246331124

0.9972223890693489	7.375484207441327

0.9972599622781821	7.385512980462265

0.9972971620983793	7.395541567256035

0.9973339922359543	7.405569969666395

0.9973704563602287	7.41559818951894

0.9974065581041927	7.425626228621279

0.9974423010648633	7.435654088763207

0.9974776888036392	7.445681771716886

0.9975127248466509	7.455709279237014

0.9975474126851089	7.465736613060989

0.997581755775648	7.4757637749090895

0.9976157575406677	7.485790766484632

0.9976494213686699	7.495817589474142

0.9976827506145931	7.505844245547516

0.9977157486001434	7.515870736358184

0.9977484186141223	7.52589706354327

0.9977807639127508	7.535923228723752

0.9978127877199912	7.545949233504621

0.9978444932278648	7.5559750794750355

0.9978758835967677	7.566000768208477

0.9979069619557821	7.576026301262902

0.9979377314029856	7.586051680180897

0.9979681950057571	7.596076906489825

0.9979983558010797	7.606101981701976

0.9980282167958405	7.616126907314719

0.998057780967128	7.6261516848106385

0.9980870512625261	7.636176315657688

0.9981160306004048	7.646200801309329

0.9981447218702096	7.656225143204675

0.9981731279327464	7.666249342768627

0.9982012516204641	7.676273401412021

0.9982290957377356	7.686297320531759

0.9982566630611336	7.696321101510949

0.9982839563397065	7.706344745719038

0.9983109782952493	7.7163682545119485

0.9983377316225734	7.726391629232208

0.9983642189897729	7.7364148712090826

0.9983904430384885	7.746437981758707

0.9984164063841687	7.756460962184211

0.9984421116163292	7.766483813775851

0.9984675612988083	7.776506537811132

0.9984927579700213	7.786529135554936

0.9985177041432115	7.796551608259644

0.9985424023066988	7.806573957165261

0.9985668549241262	7.8165961834995334

0.998591064434704	7.826618288478073

0.9986150332534507	7.836640273304475

0.9986387637714326	7.846662139170435

0.9986622583560004	7.856683887255869

0.998685519351024	7.866705518729025

0.9987085490771241	7.876727034746599

0.9987313498319026	7.886748436453852

0.9987539238901699	7.896769724984715

0.9987762735041706	7.906790901461909

0.9987984009038064	7.916811966997049

0.9988203082968572	7.926832922690755

0.9988419978691998	7.936853769632761

0.9988634717850249	7.946874508902021

0.9988847321870511	7.956895141566815

0.9989057811967379	7.966915668684855

0.9989266209144956	7.976936091303387

0.9989472534198935	7.986956410459297

0.9989676807718668	7.996976627179208

0.9989879050089198	8.006996742479588

0.9990079281493287	8.017016757366843

0.999027752191342	8.027036672837422

0.9990473791133778	8.037056489877909

0.999066810874221	8.047076209465123

0.9990860494132172	8.057095832566217

0.9991050966504652	8.06711536013877

0.9991239544870073	8.077134793130881

0.9991426248050184	8.087154132481263

0.9991611094679923	8.097173379119335

0.9991794103209272	8.107192533965314

0.9991975291905081	8.117211597930309

0.9992154678852889	8.127230571916405

0.9992332281958713	8.137249456816752

0.9992508118950831	8.14726825351566

0.9992682207381537	8.15728696288868

0.9992854564628886	8.16730558580269

0.9993025207898422	8.177324123115987

0.9993194154224884	8.187342575678361

0.9993361420473897	8.197360944331189

0.9993527023343651	8.207379229907513

0.9993690979366554	8.217397433232122

0.9993853304910878	8.227415555121636

0.9994014016182385	8.237433596384584

0.9994173129225937	8.247451557821485

0.9994330659927088	8.257469440224925

0.9994486624013662	8.267487244379641

0.999464103705732	8.277504971062593

0.9994793914475104	8.287522621043038

0.9994945271530971	8.297540195082618

0.9995095123337306	8.30755769393542

0.9995243484856432	8.317575118348064

0.9995390370902086	8.327592469059764

0.9995535796140903	8.337609746802416

0.9995679775093865	8.347626952300654

0.9995822322137752	8.357644086271936

0.9995963451506563	8.367661149426604

0.999610317729294	8.377678142467962

0.9996241513449563	8.38769506609234

0.9996378473790539	8.397711920989165

0.9996514071992779	8.407728707841033

0.9996648321597353	8.417745427323768

0.999678123601084	8.427762080106497

0.999691282850666	8.437778666851713

0.9997043112226395	8.44779518821534

0.9997172100181094	8.457811644846794

0.9997299805252574	8.467828037389058

0.9997426240194692	8.477844366478736

0.9997551417634623	8.48786063274612

0.9997675350074106	8.497876836815252

0.9997798049890698	8.507892979303984

0.9997919529339001	8.51790906082404

0.9998039800551879	8.527925081981081

0.9998158875541671	8.537941043374756

0.9998276766201382	8.54795694559877

0.9998393484305867	8.557972789240939

0.9998509041513008	8.567988574883248

0.9998623449364865	8.578004303101908

0.9998736719288833	8.588019974467416

0.9998848862598776	8.598035589544608

0.9998959890496152	8.608051148892718

0.9999069814071133	8.618066653065434

0.9999178644303703	8.628082102610946

0.9999286392064757	8.63809749807201

0.9999393068117176	8.648112839985995

0.9999498683116907	8.658128128884938

0.9999603247614018	8.668143365295599

0.9999706772053751	8.67815854973951

0.9999809266777562	8.68817368273303

0.9999910742024148	8.69818876478739

1.0000011207930475	8.708203796408755

1.0000110674532772	8.71821877809826

1.000020915176755	8.728233710352072

1.0000306649472575	8.73824859366143

1.0000403177387858	8.748263428512702

1.000049874515662	8.758278215387428

1.0000593362326258	8.768292954762368

1.0000687038349285	8.778307647109548

1.0000779782584288	8.788322292896314

1.0000871604296848	8.798336892585372

1.0000962512660463	8.808351446634832

1.000105251675747	8.818365955498262

1.0001141625579943	8.828380419624722

1.0001229848030595	8.83839483945882

1.0001317192923656	8.848409215440748

1.000140366898576	8.858423548006328

1.000148928485681	8.868437837587058

1.0001574049090842	8.878452084610148

1.0001657970156874	8.88846628949857

1.000174105643975	8.898480452671098

1.0001823316240983	8.908494574542345

1.0001904757779572	8.918508655522812

1.0001985389192827	8.92852269601892

1.000206521853718	8.938536696433056

1.0002144253788985	8.948550657163615

1.0002222502845317	8.958564578605033

1.0002299973524755	8.96857846114783

1.0002376673568167	8.97859230517865

1.0002452610639476	8.988606111080294

1.0002527792326426	8.998619879231766

1.0002602226141337	9.008633610008307

1.0002675919521862	9.018647303781426

1.0002748879831715	9.02866096091895

1.0002821114361418	9.038674581785049

1.0002892630329017	9.048688166740275

1.0002963434880812	9.058701716141604

1.0003033535092063	9.068715230342464

1.0003102937967694	9.078728709692774

1.0003171650443	9.088742154538975

1.0003239679384328	9.098755565224073

1.000330703158977	9.10876894208766

1.0003373713789836	9.118782285465963

1.000343973264813	9.128795595691862

1.0003505094762006	9.138808873094936

1.0003569806663237	9.148822118001487

1.000363387481866	9.15883533073458

1.000369730563082	9.168848511614064

1.0003760105438613	9.178861660956619

1.0003822280517913	9.188874779075775

1.0003883837082204	9.198887866281948

1.0003944781283194	9.20890092288247

1.0004005119211432	9.218913949181623

1.0004064856896917	9.22892694548066

1.0004124000309695	9.238939912077848

1.000418255536046	9.248952849268488

1.0004240527901134	9.258965757344948

1.0004297923725463	9.268978636596689

1.0004354748569588	9.2789914873103

1.000441100811262	9.28900430976952

1.0004466707977202	9.299017104255272

1.0004521853730077	9.309029871045684

1.0004576450882638	9.319042610416124

1.000463050489148	9.329055322639224

1.0004684021158943	9.339068007984904

1.000473700503365	9.349080666720406

1.0004789461811048	9.359093299110311

1.000484139673393	9.36910590541658

1.0004892814992956	9.379118485898564

1.0004943721727177	9.389131040813039

1.0004994122024546	9.399143570414228

1.0005044020922422	9.409156074953833

1.0005093423408078	9.419168554681049

1.0005142334419197	9.429181009842598

1.000519075884436	9.43919344068275

1.0005238701523544	9.449205847443348

1.0005286167248595	9.45921823036383

1.000533316076371	9.469230589681255

1.0005379686765912	9.479242925630327

1.0005425749905519	9.48925523844342

1.0005471354786604	9.499267528350593

1.000551650596746	9.509279795579623

1.0005561207961051	9.519292040356023

1.0005605465235463	9.529304262903063

1.0005649282214353	9.539316463441795

1.0005692663277388	9.549328642191075

1.000573561276068	9.55934079936758

1.0005778134957224	9.569352935185842

1.0005820234117322	9.579365049858252

1.0005861914449012	9.589377143595096

1.0005903180118483	9.599389216604564

1.0005944035250494	9.609401269092784

1.0005984483928783	9.61941330126383

1.000602453019648	9.629425313319748

1.0006064178056506	9.63943730546058

1.0006103431471975	9.649449277884376

1.0006142294366587	9.659461230787215

1.0006180770625022	9.669473164363234

1.0006218864093326	9.679485078804635

1.00062565785793	9.689496974301713

1.0006293917852873	9.699508851042868

1.0006330885646484	9.709520709214628

1.000636748565545	9.719532549001668

1.000640372153834	9.72954437058683

1.0006439596917336	9.739556174151131

1.00064751153786	9.749567959873797

1.0006510280472625	9.759579727932268

1.0006545095714594	9.76959147850222

1.000657956458473	9.77960321175758

1.0006613690528645	9.789614927870554

1.0006647476957682	9.79962662701163

1.0006680927249256	9.809638309349603

1.0006714044747191	9.81964997505159

1.000674683276206	9.829661624283045

1.00067792945715	9.839673257207778

1.000681143342056	9.849684873987972

1.0006843252522006	9.859696474784196

1.000687475505666	9.869708059755423

1.00069059441737	9.879719629059046

1.0006936822990988	9.889731182850895

1.0006967394595372	9.899742721285246

1.0006997662043	9.909754244514847

1.0007027628359624	9.919765752690923

1.00070572965409	9.929777245963196

1.0007086669552692	9.939788724479902

1.0007115750331363	9.949800188387801

1.0007144541784074	9.959811637832194

1.0007173046789066	9.96982307295694

1.0007201268195953	9.979834493904464

1.000722920882601	9.989845900815777

1.0007256871472447	9.999857293830486

1.0007284258900695	10.009868673086812

