0.9415647447097651	2.921762764511745

0.8848540399544005	2.8455452477782424

0.8298283407084721	2.7713049823164346

0.7764489340749352	2.6990003617068785

0.7246779224071506	2.628590623429273

0.674478206767405	2.560035832037329

0.6258134707152803	2.493296862666295

0.5786481644193499	2.428335384866593

0.5329474890858087	2.3651138467571395

0.48867738169776925	2.3035954594920582

0.445804500059079	2.243744182034613

0.4042962081366349	2.1855247062323135

0.3641205616952923	2.128902442187252

0.32524629421957735	2.073843503915876

0.28764280311653073	2.0203146952924715

0.2512801361941179	1.9682834962707938

0.21612897840975417	1.917718049378346

0.1821606388835986	1.8685871464779487

0.14934703817137562	1.820860215791328

0.11766069579158815	1.7745073091795627

0.08707471800208558	1.72949908967533

0.05756278582105003	1.685806819261987

0.02909914328756183	1.6434023468946304

0.0016585859569993033	1.6022580967583568

-0.024783550373377067	1.5623470567590585

-0.05025140071321544	1.5236427672421688

-0.07476858170670751	1.4861193099348637

-0.09835820224344846	1.4497512971073179

-0.12104287385681681	1.4145138609486971

-0.14284472091408412	1.3803826431536554

-0.16378539060238181	1.347333784715185

-0.18388606271457072	1.315343915919756

-0.2031674592389794	1.2843901465407535

-0.22164985375689888	1.254450056226305

-0.23935308065164546	1.2255016850776685

-0.2562965441329268	1.1975235244144173

-0.2724992270801745	1.170494507722744

-0.2879796997084325	1.1443940017832726

-0.30275612806032165	1.1192017979748357

-0.31684628232752887	1.0948981037507497

-0.3302675450052046	1.071463534284184

-0.34303691888258225	1.0488791042792918

-0.35517103487307045	1.027126219944829

-0.366686159687003	1.00618667112706

-0.37759820335017036	0.9860426235988073

-0.3879227265711926	0.966676611501562

-0.39767494796073616	0.9480715299376394

-0.40686975110551504	0.930210627709416

-0.4155216914999604	0.9130775002027482

-0.4236450033383851	0.8966560824117273

-0.4312536061704147	0.8809306421019789

-0.4383611114224	0.8658857731097769

-0.44498082878747536	0.8515063887742891

-0.4511257724868713	0.8377777155003264

-0.4568086674050409	0.8246852864490216

-0.4620419551011081	0.8122149353539099

-0.46683779969909567	0.8003527904599377

-0.47120809365934374	0.7890852685829723

-0.47516446343348073	0.7783990692874321

-0.4787182750052631	0.7682811691797059

-0.4818806393195526	0.7587188163150762

-0.4846624176016584	0.749699524715901

-0.4870742265692233	0.7412110689988615

-0.48912644353879303	0.7332414791091189

-0.4908292114291656	0.7257790351592683

-0.492192443663573	0.7188122623710215

-0.4932258289727115	0.7123299261175866

-0.4939388361005933	0.7063210270647581

-0.4943407184151549	0.7007747964087641

-0.49444051842552034	0.6956806912089608

-0.4942470722077763	0.6910283898134991

-0.4937690137410846	0.6868077873761259

-0.49301477915591657	0.6830089914623187

-0.49199261089616175	0.6796223177429893

-0.4907105617968274	0.6766382857740226

-0.48917649907901156	0.6740476148599563

-0.4873981082637991	0.671841220000137

-0.4853828970066981	0.6700102079157215

-0.483138198854201	0.6685458731559253

-0.4806711769240242	0.6674396942819503

-0.47798882751054933	0.6666833301270572

-0.4750979836169586	0.6662686161312736

-0.47200531841552756	0.6661875607492651

-0.4687173486375093	0.6664323419299174

-0.4652404378940168	0.666995303666216

-0.46158079992928036	0.6678689526140279

-0.45774450180763165	0.6690459547784247

-0.4537374670355384	0.6705191322662091

-0.4495654786199876	0.6722814601033357

-0.4452341820644885	0.6743260631159393

-0.44074908830394477	0.6766462128737154

-0.43611557657961486	0.6792353246944142

-0.4313388972553613	0.6820869547082409

-0.42642417457636217	0.685194796980976

-0.4213764093714364	0.6885526806946504

-0.41620048170011015	0.6921545673846387

-0.41090115344553196	0.6959945482320508

-0.4054830708543191	0.7000668414103269

-0.3999507670243988	0.7043657894849635

-0.3943086643418853	0.708885856865315

-0.3885610768680141	0.7136216273074417

-0.38271221267713373	0.718567801466991

-0.37676617614673574	0.7237191945011207

-0.37072697020048495	0.729070733718492

-0.3645984985051917	0.73461745627638

-0.35838456762265003	0.7403545069239661

-0.3520888891172468	0.7462771357908985

-0.3457150816202298	0.7523806962202217

-0.3392666728515041	0.7586606426447953

-0.332747101599809	0.7651125285063398

-0.32615971966211227	0.7717320042162639

-0.31950779374303895	0.7785148151574435

-0.31279450731513936	0.7854567997261415

-0.30602296244078214	0.7925538874132696

-0.2991961815564436	0.799802096924213

-0.29231710922014964	0.8071975343364524

-0.28538861382281105	0.8147363912942323

-0.2784134892641784	0.8224149432395395

-0.27139445659412825	0.8302295476786735

-0.2643341656199784	0.8381766424836986

-0.2572351964805161	0.8462527442280868

-0.25010006118740935	0.854454446555873

-0.242931205134658	0.8627784185836535

-0.235731008576729	0.8712214033347797

-0.22850178807600627	0.8797802162051038

-0.22124579792017424	0.8884517434596502

-0.213965231510141	0.8972329407595986

-0.20666222271909512	0.9061208317189765

-0.19933884722327885	0.9151125064904682

-0.1919971238050483	0.9242051203797635

-0.18463901562877985	0.9333958924878785

-0.1772664314901714	0.9426821043808894

-0.16988122703947575	0.9520610987865382

-0.16248520597919255	0.9615302783171711

-0.15508012123673554	0.9710871042184892

-0.14766767611258044	0.9807290951435961

-0.14024952540438998	0.990453825951838

-0.13282727650760145	1.0002589265319448

-0.12540249049295357	1.0101420806489874

-0.11797668316141924	1.020101024814675

-0.11055132607700183	1.0301335471805309

-0.1031278475778434	1.0402374864534902

-0.09570763376608435	1.050410730833468

-0.08829202947690509	1.0606512169724678

-0.08088233922717218	1.0709569289547956

-0.07347982814410235	1.0813258972979594

-0.06608572287435002	1.0917561979738444

-0.05870121247391573	1.1022459514497567

-0.051327449279264914	1.1127933217489405

-0.04396554976003868	1.1233965155301795

-0.036616595353730734	1.1340537811861042

-0.02928163328269707	1.1447634079598277

-0.021961677353857605	1.1555237250795483

-0.014657708741442121	1.1663331009107571

-0.007370676753125322	1.1771899421257013

-0.00010149957988941916	1.1880926928897562

0.007148934970054362	1.1990398340643724

0.014379768752960563	1.2100298824262614

0.0215901725865422	1.2210613899024996

0.028779345561949433	1.23213294282123

0.03594651437042841	1.2432431611776529

0.04309093264436074	1.254390697914995

0.050211880312389906	1.2655742382201627

0.05730866296834691	1.2767924988337818

0.06438061125369299	1.288044227374338

0.07142708025320331	1.2993282016761356

0.07844744890362057	1.3106432291407977

0.08544111941501327	1.321988146102037

0.09240751670457828	1.3333618172034303

0.09934608784263335	1.344763134788939

0.10625630151054904	1.3561910183059183

0.11313764747037602	1.3676444137203625

0.11998963604592748	1.379122292944149

0.1268117976150815	1.3906236532740308

0.13360368211307336	1.4021475168421493

0.14036485854655176	1.4136929300778325

0.1470949145181779	1.4252589631804535

0.1537934557615508	1.4368447096031283

0.16046010568624577	1.4484492855470332

0.16709450493275899	1.4600718294661308

0.17369631093715313	1.4717115015820934

0.1802651975052049	1.4833674834092232

0.1868008543958581	1.4950389772891617

0.19330298691379078	1.5067252059351988

0.19977131551090793	1.5184254119859835

0.20620557539657594	1.5301388575684514

0.21260551615641762	1.5418648238697783

0.2189709013794914	1.5536026107181837

0.22530150829368095	1.5653515361724049

0.23159712740912552	1.5771109361196631

0.23785756216952447	1.5888801638819565

0.24408262861115254	1.6006585898305101

0.2502721550294266	1.6124456010082158

0.2564259816528672	1.624240600759905

0.26254396032430005	1.6360430083702975

0.26862595418914986	1.6478522587094637

0.2746718373906759	1.6596678018856597

0.2806814947720078	1.6714891029053778

0.286654821584838	1.6833156413404717

0.2925917232046336	1.6951469110022115

0.29849211485223104	1.7069824196221302

0.3043559213216808	1.7188216885395218

0.310183076714212	1.7306642523954607

0.3159735241781885	1.7425096588332074

0.3217272156549319	1.754357468204872

0.32744411163028875	1.7662072532842101

0.33312418089182144	1.7780585989854274

0.33876740029150554	1.7899111020878686

0.3443737545138177	1.8017643709664752

0.3499432358491017	1.8136180253278922

0.35547584397210147	1.825471695952113

0.3609715857255528	1.8373250244395456

0.3664304749087274	1.849177662963395

0.3718525320708251	1.8610292740272498

0.3772377843091125	1.8728795302277723

0.3825862650717079	1.8847281140223826

0.38789801396491436	1.8965747175018415

0.3931730765650053	1.908419042167628

0.3984115042343686	1.9202607987140166

0.4036133539419172	1.9320997068147587

0.4087786880876758	1.9439354949142735

0.4139075743314549	1.9557679000232568

0.41900008542552697	1.9675966675186203

0.4240562990512182	1.9794215509476691

0.42907629765933436	1.9912423118364369

0.4340601683143377	2.0030587195020852

0.439008002542197	2.014870550869296

0.44391989618183114	2.026677590290566

0.44879594924007027	2.038479629370326

0.4536362657500599	2.050276466792811

0.4584409536330339	2.0620679081536024

0.46321012456338484	2.073853765794763

0.46794389383696144	2.0856338586434973

0.4726423802425228	2.0974080120542644

0.47730570593628424	2.1091760576542695

0.48193399631948597	2.120937833192267

0.4865273799189211	2.1326931823906086

0.49108598827035915	2.144441954800469

0.49560995580480316	2.156184005660183

0.5000994197375183	2.1679191957566313

0.5045545199597741	2.179647391289613

0.5089753989332394	2.1913684637391433

0.5133622015869754	2.203082289735617

0.5177150752169686	2.2147887509327764

0.5220341693881488	2.2264877338834284

0.5263196358388408	2.238179129917855

0.5305716283875929	2.2498628350248593

0.5347903028423343	2.2615387497353954

0.5389758169118095	2.273206779008726

0.5431283301192382	2.2848668321210615

0.5472480037181559	2.2965188225566195

0.5513350006103847	2.3081626679010667

0.5553894852660894	2.3197982897372853

0.5594116236458718	2.3314256135434177

0.5634015831248598	2.343044568593148

0.5673595324187475	2.354655087858167

0.5712856415117432	2.3662571079127783

0.5751800815863827	2.3778505688406013

0.5790430249551678	2.3894354141433305

0.5828746449939896	2.4010115906515037

0.5866751160772969	2.412579048437238

0.5904446135149712	2.4241377407288986

0.5941833134908706	2.4356876238276564

0.5978913930030054	2.4472286570258888

0.6015690298053104	2.4587608025273995

0.6052164023509753	2.4702840253694065

0.6088336897373031	2.4817982933462717

0.6124210716520581	2.4933035769349248

0.6159787283212727	2.504799849221959

0.6195068404584795	2.5162870858323543

0.6230055892153377	2.527765264859795

0.6264751561336207	2.539234366798556

0.6299157230985368	2.5506943744769157

0.6333274722933502	2.562145272992069

0.6367105861552749	2.573587049646509

0.640065247332613	2.5850196938858425

0.643391638643108	2.5964431972380164

0.6466899430334851	2.607857553253917

0.6499603435401544	2.6192627574493224

0.6532030232510468	2.6306588072481714

0.6564181652685603	2.642045701927127

0.6596059526735885	2.6534234425614054

0.6627665684906081	2.664792031971841

0.6659001956538013	2.676151474673169

0.6690070169741883	2.687501776823492

0.6720872151077473	2.6988429461749077

0.6751409725244989	2.71017499202528

0.6781684714785341	2.7214979251711178

0.6811698939789608	2.7328117578615476

0.6841454217617516	2.7441165037533515

0.6870952362624687	2.755412177867052

0.6900195185898467	2.7666987965440173

0.6929184495002138	2.77797637740457

0.695792209372731	2.789244939307073

0.6986409781854304	2.8005045023079767

0.7014649354920334	2.8117550876228017

0.7042642603995317	2.822996717588045

0.7070391315465115	2.8342294156239802

0.7097897270822043	2.8454532061983415

0.7125162246462469	2.856668114790868

0.7152188013491332	2.8678741678586888

0.7178976337533427	2.8790713928025364

0.7205528978551279	2.8902598179337655

0.7231847690669453	2.9014394724421617

0.7257934222005158	2.9126103863645225

0.7283790314504969	2.923772590553999

0.7309417703787546	2.9349261166501734

0.7334818118992189	2.946070997049862

0.735999328263308	2.9572072648786287

0.73849449104591	2.968334953962991

0.7409674711319061	2.979454098803304

0.7434184387032221	2.99056473454731

0.7458475632263979	3.0016668969643376

0.7482550134406578	3.012760622420134

0.7506409573464743	3.023845947852324

0.7530055621946079	3.0349229107464706

0.7553489944756164	3.045991549112739

0.7576714199098171	3.0570519014631383

0.759973003437694	3.068104006789331

0.7622539092107378	3.0791479045410037

0.7645143005827062	3.0901836346047835

0.7667543401012968	3.1012112372836826

0.76897418950022	3.11223075327707

0.7711740096916618	3.123242223661149

0.7733539607591279	3.1342456898699393

0.7755142019506581	3.1452411936767417

0.7776548916724019	3.1562287771760813

0.779776187482545	3.1672084827661213

0.78187824608558	3.17818035313153

0.78396122332691	3.189144431226794

0.7860252741877767	3.200100760259972

0.7880705527805056	3.2110493836768703

0.7900972123440593	3.2219903451456413

0.7921054052398903	3.232923688541787

0.7940952829480858	3.2438494579335617

0.7960669960637976	3.2547676975677673

0.7980206942939463	3.26567845185593

0.7999565264541968	3.2765817653608478

0.8018746404661944	3.287477682783506

0.8037751833550554	3.2983662489503485

0.8056583012471056	3.3092475088008952

0.8075241393678598	3.3201215073757053

0.8093728420402349	3.33098828980467

0.8112045526829909	3.341847901295634

0.8130194138093931	3.352700387123331

0.8148175670260895	3.363545792618637

0.8165991530321964	3.3743841631581195

0.818364311618588	3.385215544153893

0.8201131816673826	3.3960399810437583

0.8218459011516198	3.40685751928163

0.8235626071351251	3.4176682043282396

0.8252634357725532	3.4284720816421075

0.826948522309608	3.439269196670786

0.8286180010834316	3.450059594842356

0.8302720055231589	3.460843321557178

0.8319106681506322	3.471620422179894

0.8335341205812702	3.482390942031664

0.8351424935250888	3.4931549263826427

0.8367359167878667	3.5039124204446885

0.8383145192724527	3.5146634693642924

0.8398784289802103	3.5254081182157306

0.8414277730125939	3.536146411994432

0.8429626775728553	3.5468783956105527

0.8444832679678728	3.557604113882758

0.8459896686101016	3.5683236115322026

0.8474820030196406	3.579036933176708

0.8489603938264113	3.5897441233251284

0.8504249627724467	3.600445226371906

0.8518758307142844	3.611140286591805

0.8533131176254618	3.6218293481348263

0.85473694259911	3.6325124550212897

0.8561474238506424	3.643189651137095

0.8575446787205341	3.653860980229138

0.8589288236771908	3.664526485900895

0.8602999743199025	3.6751862116081617

0.8616582453818786	3.685840200654945

0.8630037507333638	3.6964884961895064

0.8643366033848283	3.7071311412005516

0.8656569154902327	3.7177681785135612

0.8669647983503633	3.7283996507872605

0.8682603624162347	3.7390256005102303

0.8695437172925582	3.7496460699976413

0.8708149717412722	3.760261101388125

0.8720742336851335	3.7708707366407688

0.8733216102113657	3.781475017532231

0.8745572075753633	3.792073985653981

0.8757811312044476	3.802667682409652

0.8769934857016749	3.81325614901251

0.878194374849692	3.8238394264830324

0.879383901614638	3.834417555646598

0.8805621681500905	3.844990577131278

0.881729275801054	3.8555585313657343

0.8828853251079881	3.8661214585772155

0.8840304158108737	3.8766793987896526

0.8851646468533156	3.8872323918218488

0.8862881163866795	3.897780477285761

0.8874009217742612	3.9083236945848765

0.8885031595954872	3.918862082912671

0.8895949256501438	3.9293956812511577

0.8906763149626333	3.939924528369519

0.891747421786257	3.9504486628228177

0.8928083396075216	3.96096812295079

0.8938591611504678	3.9714829468767134

0.8948999783810214	3.9819931725063538

0.8959308825113627	3.9924988375269796

0.8969519640043147	4.002999979406451

0.8979633125777484	4.0134966353923796

0.8989650172090029	4.023988842511352

0.8999571661393202	4.034476637568221

0.9009398468782928	4.044960057145462

0.9019131462083231	4.0554391376025904

0.9028771501890926	4.065913915075636

0.9038319441620415	4.07638442547668

0.9047776127548552	4.086850704493449

0.9057142398859589	4.0973127875889634

0.9066419087690172	4.107770710001241

0.9075607019174394	4.118224506743049

0.9084707011488886	4.128674212601712

0.909371987589793	4.139119862138967

0.9102646416798595	4.149561489690866

0.9111487431765891	4.159999129367725

0.9120243711597908	4.170432815054125

0.9128916040360965	4.180862580408944

0.9137505195434723	4.191288458865443

0.9146011947557295	4.201710483631386

0.9154437060870304	4.212128687689208

0.9162781292963913	4.222543103796213

0.9171045394921803	4.23295376448482

0.9179230111366093	4.243360702062829

0.9187336180502204	4.253763948613749

0.9195364334163639	4.264163535997128

0.9203315297856712	4.274559495848947

0.9211189790805174	4.284951859582021

0.9218988525994751	4.295340658386452

0.92267122102176	4.3057259232300975

0.9234361544116656	4.316107684859072

0.9241937222229872	4.326485973798285

0.9249439933034351	4.3368608203519905

0.9256870358990352	4.347232254604381

0.9264229176585193	4.357600306420193

0.9271517056377006	4.367965005445342

0.9278734663038372	4.378326381107586

0.9285882655399817	4.388684462617203

0.9292961686493165	4.399039278967698

0.929997240359475	4.409390858936531

0.9306915448268469	4.419739231085857

0.9313791456408702	4.430084423763301

0.9320601058283051	4.440426465102735

0.9327344878574931	4.450765383025092

0.9334023536425997	4.461101205239178

0.9340637645478396	4.471433959242516

0.9347187813916858	4.481763672322202

0.9353674644510608	4.492090371555776

0.9360098734655093	4.502414083812105

0.9366460676413546	4.512734835752286

0.9372761056558345	4.523052653830565

0.9379000456612208	4.533367564295256

0.9385179452889184	4.543679593189691

0.939129861653547	4.553988766353169

0.9397358513570004	4.564295109421919

0.9403359704924907	4.574598647830079

0.9409302746485696	4.584899406810683

0.9415188189131289	4.595197411396653

0.9421016578773853	4.605492686421812

0.9426788456398404	4.615785256521893

0.943250435810222	4.626075146135569

0.9438164815134057	4.636362379505479

0.9443770353933139	4.646646980679274

0.9449321496167942	4.656928973510664

0.9454818758774788	4.6672083816604655

0.9460262653996195	4.677485228597672

0.9465653689419034	4.687759537600517

0.947099236801247	4.698031331757544

0.9476279188165678	4.708300633968691

0.9481514643725355	4.718567466946368

0.9486699224032997	4.728831853216547

0.9491833413961979	4.739093815119856

0.9496917693954398	4.7493533748126735

0.950195254005771	4.759610554268228

0.9506938423961129	4.7698653752777025

0.9511875813031823	4.780117859451338

0.9516765170350876	4.790368028219548

0.9521606954749037	4.800615902834022

0.9526401620842235	4.8108615043688445

0.9531149619066883	4.821104853721608

0.9535851395714948	4.831345971614533

0.9540507392968806	4.8415848785955795

0.9545118048935866	4.851821595039575

0.9549683797682978	4.862056141149325

0.9554205069270609	4.872288536956741

0.95586822897868	4.882518802323956

0.9563115881380891	4.8927469569444515

0.9567506262297043	4.902973020344172

0.95718538469075	4.913197011882648

0.9576159045745666	4.92341895075412

0.9580422265538926	4.933638855988647

0.9584643909241273	4.943856746453241

0.9588824376065674	4.954072640852966

0.9592964061516257	4.964286557732071

0.959706335742024	4.974498515475088

0.960112265195965	4.98470853230796

0.9605142329702825	4.994916626299139

0.960912277163569	5.005122815360704

0.9613064355192805	5.0153271172494645

0.9616967454288202	5.025529549568063

0.9620832439345997	5.035730129766079

0.9624659677330784	5.045928875141128

0.9628449531777808	5.0561258028399605

0.9632202362822916	5.0663209298595495

0.9635918527232299	5.076514273048189

0.9639598378432004	5.086705849106576

0.9643242266537249	5.0968956745889

0.964685053838149	5.107083765903917

0.9650423537545308	5.117270139316036

0.965396160438506	5.127454810946383

0.9657465076061315	5.137637796773882

0.9660934286567087	5.147819112636315

0.9664369566755844	5.157998774231385

0.9667771244369325	5.168176797117777

0.967113964406512	5.178353196716213

0.9674475087444061	5.188527988310498

0.9677777893077391	5.198701187048574

0.9681048376533725	5.208872807943557

0.9684286850405818	5.219042865874776

0.9687493624337107	5.2292113755888066

0.9690669005048057	5.2393783517004975

0.9693813296362311	5.249543808693998

0.9696926799232612	5.259707760923776

0.9700009811766541	5.269870222615633

0.9703062629252059	5.280031207867713

0.9706085544182819	5.29019073065151

0.9709078846283309	5.3003488048128675

0.9712042822533781	5.310505444072971

0.9714977757194979	5.320660662029345

0.9717883931832683	5.330814472156833

0.9720761625342037	5.340966887808578

0.9723611113971711	5.351117922217

0.9726432671347833	5.3612675884947665

0.9729226568497761	5.371415899635754

0.9731993073873637	5.381562868516009

0.9734732453375777	5.391708507894706

0.9737444970375844	5.401852830415092

0.974013088573984	5.411995848605432

0.974279045785094	5.422137574879948

0.9745423942632078	5.432278021539752

0.9748031593568415	5.442417200773771

0.9750613661729572	5.452555124659674

0.975317039579171	5.462691805164786

0.9755702042059408	5.472827254147

0.9758208844487373	5.482961483355682

0.9760691044701959	5.493094504432572

0.9763148882022524	5.50322632891268

0.9765582593482596	5.513356968225174

0.9767992413850851	5.523486433694263

0.9770378575651943	5.533614736540079

0.9772741309187146	5.5437418878795475

0.9775080842554807	5.553867898727252

0.9777397401670662	5.563992779996301

0.9779691210287942	5.574116542499182

0.978196249001734	5.584239196948609

0.9784211460346786	5.594360753958372

0.9786438338661072	5.604481224044176

0.9788643340261303	5.614600617624472

0.9790826678384174	5.624718945021287

0.9792988564221093	5.6348362164610455

0.9795129206937149	5.644952442075391

0.9797248813689885	5.655067631901992

0.979934758964795	5.66518179588535

0.9801425738009567	5.675294943877603

0.9803483460020844	5.685407085639316

0.980552095499393	5.695518230840273

0.980753842032502	5.705628389060262

0.9809536051512194	5.71573756978985

0.9811514042173108	5.72584578243116

0.981347258406253	5.735953036298636

0.981541186708972	5.746059340619804

0.9817332079335667	5.756164704536032

0.9819233407070167	5.7662691371032775

0.9821116034768756	5.776372647292835

0.98229801451295	5.786475243992077

0.9824825919089623	5.796576936005185

0.9826653535842008	5.806677732053886

0.9828463172851541	5.8167776407781675

0.9830255005871309	5.826876670737003

0.9832029208958666	5.836974830409065

0.9833785954491151	5.847072128193428

0.9835525413182268	5.857168572410278

0.9837247754097121	5.867264171301604

0.9838953144667919	5.877358933031891

0.9840641750709336	5.887452865688813

0.9842313736433737	5.897545977283906

0.9843969264466268	5.907638275753253

0.9845608495859824	5.917729768958146

0.9847231590109858	5.9278204646857615

0.9848838705169085	5.937910370649815

0.9850429997462034	5.947999494491219

0.985200562189948	5.958087843778735

0.9853565731892753	5.968175426009618

0.9855110479367899	5.978262248610258

0.9856640014779735	5.988348318936812

0.9858154487125769	5.998433644275843

0.9859654043959986	6.008518231844936

0.9861138831406526	6.018602088793323

0.9862608994173233	6.028685222202503

0.9864064675565074	6.038767639086845

0.9865506017497447	6.048849346394198

0.9866933160509362	6.058930351006495

0.9868346243776511	6.069010659740343

0.9869745405124205	6.0790902793476205

0.9871130781040213	6.089169216516062

0.9872502506687466	6.099247477869837

0.9873860715916662	6.109325069970134

0.9875205541278744	6.119401999315724

0.9876537114037264	6.1294782723435395

0.9877855564180646	6.139553895429228

0.9879161020434335	6.149628874887716

0.9880453610272816	6.159703216973762

0.9881733459931552	6.169776927882504

0.9883000694418786	6.179850013750009

0.9884255437527264	6.1899224806538085

0.9885497811845818	6.199994334613437

0.988672793877087	6.210065581590965

0.988794593851781	6.2201362274915235

0.9889151930132293	6.230206278163829

0.9890346031501404	6.240275739400697

0.9891528359364743	6.250344616939563

0.9892699029325398	6.260412916462987

0.989385815586082	6.270480643599162

0.9895005852333593	6.280547803922412

0.9896142231002113	6.290614402953692

0.9897267403031158	6.300680446161081

0.9898381478502369	6.310745938960266

0.989948456642463	6.320810886715029

0.990057677474435	6.330875294737732

0.9901658210355662	6.3409391682897835

0.9902728979110509	6.351002512582121

0.9903789185828648	6.361065332775671

0.990483893430756	6.371127633981816

0.9905878327332267	6.381189421262855

0.9906907466685055	6.391250699632458

0.9907926453155114	6.401311474056122

0.9908935386548073	6.411371749451615

0.9909934365695474	6.421431530689421

0.9910923488464125	6.431490822593183

0.9911902851765385	6.441549629940138

0.9912872551564367	6.451607957461548

0.9913832682889033	6.461665809843137

0.9914783339839227	6.471723191725506

0.9915724615595611	6.48178010770456

0.9916656602428526	6.491836562331926

0.9917579391706755	6.501892560115367

0.9918493073906218	6.511948105519194

0.991939773861859	6.522003202964669

0.9920293474559816	6.532057856830413

0.9921180369578564	6.542112071452804

0.9922058510664602	6.552165851126374

0.9922927983957075	6.562219200104203

0.9923788874752729	6.572272122598305

0.9924641267514044	6.582324622780016

0.9925485245877288	6.59237670478038

0.9926320892660503	6.602428372690523

0.9927148289871421	6.6124796305620315

0.9927967518715282	6.622530482407326

0.9928778659602604	6.632580932200027

0.9929581792156869	6.642630983875324

0.993037699522213	6.652680641330336

0.9931164346870568	6.662729908424473

0.9931943924409946	6.672778788979791

0.9932715804391016	6.682827286781343

0.9933480062614848	6.692875405577533

0.9934236774140098	6.702923149080461

0.9934986013290188	6.712970520966264

0.9935727853660442	6.723017524875462

0.993646236812513	6.73306416441329

0.9937189628844472	6.7431104431500355

0.9937909707271548	6.753156364621369

0.9938622674159165	6.763201932328671

0.9939328599566647	6.77324714973936

0.9940027552866562	6.783292020287215

0.9940719602751383	6.793336547372689

0.9941404817240096	6.8033807343632375

0.9942083263684736	6.813424584593618

0.9942755008776858	6.823468101366214

0.9943420118553958	6.833511287951333

0.9944078658405823	6.843554147587518

0.9944730693080824	6.853596683481849

0.9945376286692149	6.86363889881024

0.9946015502723977	6.873680796717739

0.9946648404037592	6.883722380318819

0.9947275052877438	6.8937636526976735

0.9947895510877118	6.903804616908503

0.9948509839065341	6.9138452759758025

0.9949118097871799	6.923885632894644

0.9949720347132993	6.933925690630956

0.995031664609802	6.943965452121809

0.9950907053434276	6.954004920275682

0.995149162723312	6.964044097972741

0.9952070425015492	6.9740829880651125

0.995264350373746	6.984121593377146

0.9953210919795724	6.994159916705681

0.9953772729033062	7.004197960820315

0.9954328986743735	7.01423572846366

0.995487974767882	7.024273222351602

0.9955425066051516	7.034310445173558

0.9955964995542379	7.044347399592731

0.995649958930452	7.054384088246357

0.9957028899968741	7.064420513745959

0.9957552979648636	7.074456678677593

0.9958071879945636	7.084492585602089

0.9958585651953996	7.094528237055297

0.9959094346265753	7.104563635548326

0.9959598012975622	7.114598783567781

0.9960096701685848	7.124633683576001

0.9960590461511019	7.134668338011288

0.9961079341082819	7.144702749288141

0.9961563388554753	7.154736919797487

0.9962042651606806	7.164770851906902

0.9962517177450072	7.174804547960843

0.9962987012831336	7.184838010280864

0.9963452204037607	7.194871241165843

0.9963912796900609	7.2049042428921934

0.9964368836801236	7.214937017714089

0.9964820368673948	7.22496956786367

0.9965267437011143	7.235001895551259

0.9965710085867476	7.245034002965577

0.9966148358864139	7.25506589227394

0.9966582299193097	7.265097565622477

0.9967011949621287	7.2751290251363265

0.9967437352494777	7.285160272919844

0.9967858549742876	7.2951913110568025

0.996827558288222	7.305222141610587

0.9968688493020804	7.315252766624396

0.9969097320861984	7.3252831881214355

0.9969502106708429	7.335313408105111

0.9969902890466054	7.345343428559221

0.9970299711647894	7.355373251448144

0.9970692609377961	7.365402878717032

0.9971081622395038	7.375432312291989

0.9971466789056462	7.385461554080259

0.997184814734186	7.395490605970411

0.9972225734856839	7.405519469832515

0.9972599588836656	7.415548147518325

0.9972969746149851	7.425576640861454

0.9973336243301828	7.435604951677553

0.9973699116438421	7.445633081764481

0.9974058401349418	7.45566103290248

0.9974414133472043	7.465688806854345

0.9974766347894418	7.475716405365596

0.9975115079358986	7.48574383016464

0.9975460362265898	7.495771082962944

0.997580223067636	7.5057981654551895

0.9976140718315973	7.515825079319448

0.9976475858578014	7.525851826217332

0.997680768452669	7.5358784077941605

0.9977136228900377	7.545904825679115

0.997746152411481	7.5559310814853955

0.9977783602266249	7.565957176810378

0.9978102495134613	7.575983113235767

0.9978418234186581	7.586008892327749

0.9978730850578672	7.596034515637141

0.9979040375160285	7.606059984699543

0.9979346838476711	7.6160853010354845

0.9979650270772124	7.6261104661505685

0.9979950701992526	7.6361354815356215

0.998024816178869	7.646160348666835

0.998054267951904	7.656185069005907

0.9980834284252535	7.666209644000184

0.998112300477151	7.676234075082803

0.9981408869574482	7.686258363672824

0.9981691906878949	7.696282511175373

0.9981972144624137	7.706306518981775

0.9982249610473743	7.71633038846969

0.9982524331818642	7.726354121003244

0.9982796335779557	7.73637771793316

0.9983065649209727	7.746401180596896

0.9983332298697526	7.756424510318764

0.9983596310569068	7.766447708410065

0.9983857710890782	7.776470776169213

0.9984116525471969	7.786493714881862

0.9984372779867323	7.7965165258210325

0.9984626499379439	7.806539210247228

0.9984877709061288	7.816561769408567

0.9985126433718675	7.826584204540894

0.9985372697912662	7.8366065168679055

0.9985616525961979	7.8466287076012655

0.9985857941945405	7.856650777940724

0.998609696970413	7.866672729074238

0.998633363284409	7.876694562178077

0.9986567954738278	7.886716278416945

0.9986799958529038	7.896737878944088

0.9987029667130337	7.906759364901413

0.9987257103230004	7.916780737419593

0.9987482289291956	7.926801997618177

0.9987705247558402	7.936823146605701

0.9987926000052031	7.946844185479798

0.9988144568578162	7.956865115327296

0.9988360974726889	7.966885937224332

0.9988575239875194	7.976906652236454

0.9988787385189046	7.986927261418721

0.9988997431625483	7.996947765815813

0.9989205399934661	8.006968166462125

0.9989411310661891	8.016988464381873

0.998961518414966	8.027008660589187

0.9989817040539625	8.03702875608822

0.9990016899774586	8.047048751873241

0.9990214781600453	8.057068648928722

0.9990410705568178	8.06708844822945

0.9990604691035673	8.07710815074061

0.9990796757169715	8.087127757417885

0.9990986922947824	8.09714726920755

0.9991175207160135	8.107166687046558

0.9991361628411233	8.117186011862632

0.9991546205121985	8.127205244574368

0.999172895553135	8.137224386091304

0.9991909897698174	8.147243437314026

0.9992089049502957	8.157262399134249

0.999226642864961	8.167281272434897

0.9992442052667204	8.177300058090205

0.9992615938911684	8.187318756965789

0.9992788104567578	8.19733736991874

0.999295856664968	8.207355897797704

0.999312734200473	8.217374341442966

0.9993294447313067	8.22739270168653

0.9993459899090276	8.237410979352202

0.9993623713688792	8.247429175255668

0.9993785907299528	8.25744729020458

0.9993946495953457	8.267465324998623

0.9994105495523192	8.277483280429605

0.9994262921724544	8.287501157281532

0.9994418790118068	8.297518956330679

0.9994573116110597	8.30753667834567

0.999472591495675	8.31755432408755

0.9994877201760444	8.327571894309864

0.9995026991476366	8.33758938975873

0.9995175298911454	8.347606811172906

0.9995322138726352	8.357624159283866

0.9995467525436852	8.367641434815878

0.9995611473415317	8.377658638486064

0.9995753996892098	8.387675771004476

0.9995895109956947	8.39769283307416

0.9996034826560382	8.407709825391235

0.9996173160515076	8.417726748644954

0.9996310125497206	8.42774360351777

0.9996445735047812	8.437760390685408

0.9996580002574118	8.44777711081693

0.9996712941350852	8.45779376457479

0.9996844564521563	8.467810352614917

0.9996974885099904	8.477826875586768

0.9997103915970924	8.487843334133391

0.9997231669892326	8.497859728891495

0.9997358159495726	8.507876060491501

0.9997483397287908	8.517892329557617

0.9997607395652036	8.527908536707889

0.999773016684889	8.537924682554266

0.999785172301807	8.547940767702661

0.999797207617918	8.557956792753007

0.9998091238233029	8.56797275829932

0.9998209220962795	8.577988664929748

0.9998326036035183	8.588004513226643

0.9998441695001581	8.598020303766605

0.9998556209299192	8.608036037120547

0.9998669590252169	8.618051713853745

0.9998781849072715	8.6280673345259

0.9998892996862206	8.638082899691186

0.9999003044612275	8.648098409898308

0.9999112003205896	8.658113865690558

0.9999219883418458	8.66812926760586

0.9999326695918827	8.678144616176835

0.9999432451270395	8.68815991193084

0.9999537159932128	8.698175155390032

0.9999640832259588	8.708190347071412

0.9999743478505956	8.718205487486873

0.9999845108823051	8.728220577143261

0.9999945733262315	8.738235616542413

1.0000045361775824	8.748250606181216

1.0000144004217246	8.758265546551646

1.0000241670342833	8.768280438140827

1.0000338369812376	8.77829528143107

1.000043411219015	8.788310076899927

1.0000528906945865	8.798324825020229

1.0000622763455598	8.808339526260145

1.000071569100272	8.818354181083215

1.0000807698778802	8.828368789948408

1.0000898795884539	8.838383353310155

1.0000988991330628	8.8483978716184

1.000107829403867	8.858412345318646

1.0001166712842045	8.868426774851995

1.0001254256486782	8.878441160655193

1.0001340933632425	8.888455503160673

1.0001426752852887	8.898469802796596

1.0001511722637288	8.908484059986893

1.000159585139081	8.918498275151313

1.0001679147435505	8.928512448705453

1.000176161901113	8.938526581060808

1.0001843274275959	8.948540672624809

1.0001924121307577	8.95855472380086

1.0002004168103693	8.968568734988382

1.000208342258292	8.97858270658285

1.000216189258555	8.98859663897583

1.0002239585874346	8.998610532555025

1.0002316510135287	9.008624387704302

1.0002392672978344	9.018638204803738

1.000246808193822	9.028651984229658

1.0002542744475098	9.038665726354663

1.0002616667975373	9.04867943154768

1.000268985975239	9.058693100173983

1.0002762327047154	9.068706732595246

1.000283407702906	9.07872032916956

1.0002905116796579	9.088733890251486

1.0002975453377982	9.098747416192076

1.0003045093732021	9.108760907338915

1.0003114044748616	9.118774364036152

1.0003182313249532	9.12878778662454

1.000324990598907	9.138801175441461

1.0003316829654707	9.148814530820962

1.0003383090867781	9.158827853093792

1.000344869618413	9.168841142587427

1.0003513652094742	9.178854399626113

1.0003577965026405	9.18886762453089

1.0003641641342322	9.19888081761962

1.000370468734276	9.20889397920703

1.000376710926566	9.218907109604732

1.0003828913287256	9.228920209121258

1.0003890105522686	9.238933278062095

1.0003950692026593	9.248946316729707

1.0004010678793729	9.258959325423572

1.0004070071759543	9.268972304440204

1.0004128876800762	9.278985254073188

1.000418709973598	9.288998174613205

1.0004244746326225	9.299011066348069

1.0004301822275539	9.309023929562741

1.000435833323153	9.319036764539371

1.0004414284785932	9.329049571557318

1.0004469682475163	9.339062350893178

1.000452453178087	9.349075102820816

1.0004578838130462	9.359087827611384

1.0004632606897663	9.369100525533362

1.0004685843403025	9.37911319685257

1.0004738552914463	9.389125841832202

1.0004790740647773	9.399138460732846

1.000484241176715	9.40915105381252

1.0004893571385696	9.419163621326687

1.0004944224565924	9.429176163528288

1.0004994376320262	9.439188680667758

1.000504403161154	9.449201172993062

1.0005093195353492	9.45921364074971

1.000514187241123	9.469226084180782

1.0005190067601732	9.479238503526961

1.0005237785694323	9.489250899026544

1.0005285031411126	9.499263270915476

1.0005331809427556	9.509275619427369

1.0005378124372755	9.519287944793522

1.0005423980830073	9.52930024724295

1.0005469383337502	9.539312527002402

1.0005514336388135	9.549324784296385

1.000555884443061	9.559337019347186

1.0005602911869547	9.569349232374897

1.0005646543065976	9.579361423597426

1.0005689742337784	9.589373593230535

1.0005732513960135	9.599385741487847

1.0005774862165884	9.609397868580876

1.0005816791146	9.619409974719039

1.000585830504999	9.629422060109688

1.0005899407986296	9.63943412495812

1.0005940104022706	9.649446169467602

1.000598039718676	9.659458193839397

1.0006020291466138	9.66947019827277

1.0006059790809068	9.67948218296502

1.0006098899124707	9.68949414811149

1.0006137620283528	9.699506093905596

1.0006175958117705	9.70951802053884

1.0006213916421483	9.719529928200828

1.000625149895157	9.729541817079292

1.0006288709427498	9.739553687360111

1.0006325551531985	9.749565539227316

1.000636202891131	9.759577372863127

1.0006398145175674	9.769589188447958

1.0006433903899545	9.779600986160437

1.000646930862202	9.789612766177429

1.0006504362847168	9.799624528674048

1.0006539070044396	9.809636273823678

1.0006573433648762	9.819648001797983

1.0006607457061343	9.829659712766931

1.0006641143649548	9.83967140689881

1.000667449674747	9.849683084360247

1.0006707519656197	9.859694745316213

1.000674021564416	9.869706389930052

1.0006772587947441	9.879718018363493

1.0006804639770088	9.88972963077666

1.000683637428445	9.899741227328098

1.0006867794631473	9.909752808174783

1.0006898903921029	9.919764373472137

1.0006929705232206	9.929775923374047

1.000696020161362	9.939787458032873

1.0006990396083717	9.949798977599471

1.0007020291631068	9.959810482223206

1.0007049891214672	9.96982197205196

1.0007079197764237	9.97983344723216

1.0007108214180478	9.989844907908777

1.0007136943335406	9.999856354225352

