0.9408925940347767	2.9210423465223387

0.8835499535703278	2.8441475740466737

0.8279312588474397	2.7692718964903964

0.7739965568658049	2.69637242404546

0.7217067436389195	2.6254071451395875

0.6710235468061542	2.55633490875758

0.6219095085948703	2.489115407115557

0.5743279691255923	2.423709158681123

0.5282430500533852	2.3600774915325715

0.48361963853872686	2.298182527050391

0.44042337154129074	2.237987163934467

0.39862062043019486	2.1794550625404936

0.3581784759043922	2.1225506295292584

0.31906473321701007	2.067239002822571

0.28124787769756443	2.0134860368597374

0.24469707056609966	1.9612582881486034

0.20938213503342043	1.9105230011053098

0.1752735426816983	1.8612480941770129

0.14234240011985114	1.8134021462419436

0.11056043590820243	1.7669543832812875

0.0798999877470396	1.721874665317479

0.0503339899237948	1.6781334736136087

0.021835961013678552	1.6357018981287474

-0.00562000817130135	1.594551625224098

-0.03205926638990236	1.5546549256149822

-0.057506613540658856	1.515984642563769

-0.08198631199711383	1.4785141803089554

-0.10552209771394679	1.4422174927256912

-0.12813719110858046	1.4070690722131516

-0.14985430772275835	1.3730439388042346

-0.1706956686684951	1.340117629493163

-0.19068301086271477	1.30826618777665

-0.2098375970548054	1.277466153404382

-0.22818022565123475	1.2476945523346465

-0.2457312403412893	1.2189288868910235

-0.2625105395279175	1.1911471261161397

-0.2785375855675798	1.164327696318556

-0.29383141382292893	1.1384494718089504

-0.3084106415320695	1.113491765821818

-0.32229347649806933	1.0894343216190039

-0.33549772560232416	1.0662573037714391

-0.348040803145303	1.043941289615535

-0.35993973901813386	1.022467260880757

-0.37121118670841774	1.0018165954849667

-0.3818714311435948	0.9819710594941924

-0.3919363963751164	0.9629127992435507

-0.4014216531066159	0.9446243336161101

-0.41034242606920424	0.9270885464765489

-0.41871360124695545	0.9102886792565246

-0.42654973295558724	0.8942083236887305

-0.43386505077727927	0.8788314146866774

-0.4406734663545157	0.8641422233672958

-0.44698858004577935	0.8501253502135141

-0.452823687445869	0.8367657183740197

-0.4581917857735569	0.8240485670974719

-0.46310558012924824	0.8119594452984848

-0.4675774896252512	0.8004842052527551

-0.4716196533912156	0.7896089964187564

-0.47524393645724605	0.7793202593834816

-0.4784619355171452	0.7696047199297569

-0.48128498457419544	0.760449383222704

-0.4837241604718366	0.7518415281129741

-0.4857902883115537	0.7437687015544265

-0.48749394676023944	0.7362187131339669

-0.48884547324925287	0.7291796297113105

-0.48985496906735004	0.7226397701664755

-0.4905323043496216	0.7165877002528604

-0.49088712296452497	0.7110122275537946

-0.4909288473010636	0.7059023965405017

-0.4906666829581176	0.7012474837294508

-0.49010962333789637	0.6970369929371115

-0.48926645414544107	0.6932606506301696

-0.4881457577960664	0.6899084013692989

-0.4867559177325951	0.6869704033446205

-0.4851051226541997	0.6844370240010205

-0.48320137065863217	0.6822988357515314

-0.48105247329958345	0.6805466117770204

-0.47866605956088276	0.6791713219104589

-0.47604957974921147	0.6781641286040883

-0.4732103093069726	0.6775163829778215

-0.47015535254692425	0.6772196209472633

-0.46689164631015395	0.6772655594297551

-0.46342596354893867	0.6776460926268872

-0.45976491683600407	0.6783532883819521

-0.4559149618016678	0.6793793846108388

-0.4518824005003198	0.6807167858049045

-0.447673384707666	0.682358059604382

-0.443293919150131	0.6842959334409151

-0.4387498646677894	0.6865232912478405

-0.43404694131216603	0.6890331702368615

-0.42919073138022085	0.691818757739786

-0.42418668238580604	0.6948733881140295

-0.4190401099698583	0.6981905397106074

-0.41375620075056263	0.7017638319033662

-0.40834001511470197	0.7055870221782313

-0.40279648995137907	0.7096540032812686

-0.3971304413292765	0.7139588004243858

-0.39134656711859517	0.718495568547518

-0.3854494495587904	0.7232585896361705

-0.3794435577732014	0.7282422700932095

-0.37333325023164754	0.7334411381638145

-0.36712277716204567	0.7388498414125302

-0.3608162829120781	0.7444631442513752

-0.35441780826192393	0.7502759255179838

-0.34793129268904255	0.7562831761027814

-0.3413605765859822	0.7624799966242101

-0.33470940343216316	0.7688615951510442

-0.32798142192056934	0.7754232849708506

-0.32118018804026055	0.7821604824036719

-0.3143091671156023	0.7890687046600252

-0.3073717358030893	0.7961435677423294

-0.3003711840466238	0.8033807843888904

-0.2933107169920896	0.8107761620595922

-0.2861934568620499	0.8183256009624583

-0.2790224447913756	0.8260250921202626

-0.27180064262459946	0.8338707154763901

-0.264530934675771	0.8418586380391571

-0.2572161294515756	0.8499851120638225

-0.2498589613384627	0.8582464732715338

-0.242462092254515	0.8666391391044656

-0.23502811326677503	0.8751596070164271

-0.2275595461747314	0.8838044527982261

-0.22005884506065318	0.8925703289370904

-0.2125283978074461	0.9014539630094675

-0.20497052758469214	0.9104521561065276

-0.19738749430351948	0.9195617812917185

-0.18978149604093755	0.928779782089725

-0.18215467043425923	0.9381031710062054

-0.17450909604621928	0.9475290280776849

-0.16684679370138605	0.9570544994510016

-0.15916972779445188	0.9666767959917116

-0.1514798075709751	0.9763931919208705

-0.1437788883811362	0.986201023479622

-0.1360687729070577	0.9960976876210356

-0.1283512123642282	1.0060806407286431

-0.12062790767755849	1.0161473973611415

-0.11290051063258842	1.0262955290227316

-0.1051706250023515	1.0365226629585809

-0.09743980765039505	1.0468264809749033

-0.08970956961044317	1.0572047182831616

-0.08198137714318007	1.0676551623679056

-0.07425665277062188	1.0781756518777745

-0.0665367762885353	1.0887640755391923

-0.05882308575735276	1.0994183710923033

-0.051116878472024056	1.1101365242486991

-0.04341941191123605	1.1209165676704975

-0.035731904666423245	1.131756579970344

-0.02805553735098338	1.1426546847319152

-0.02039145349010394	1.1536090495505105

-0.012740760391597366	1.1646178850933262

-0.005104529998134641	1.175679444179019

0.002516200278740933	1.1867920208761658

0.01012042674244552	1.1979539496202418

0.017707178612665568	1.209163604348744

0.02527551724378838	1.2204193976540898

0.03282453536010048	1.2317197799539399

0.040353356307408855	1.2430632386785851

0.04786113332074726	1.254448297475062

0.055347048807836266	1.2658735154276497

0.06281031364797285	1.277337486294428

0.07025016650603153	1.2888388377595632

0.07766587316126564	1.3003762307010112

0.08505672585060342	1.3119483584733205

0.09242204262614019	1.3235539462052357

0.09976116672653343	1.3351917501117982

0.10707346596201373	1.3468605568206535

0.11435833211273048	1.3585591827122776

0.12161518034015661	1.3702864732738393

0.1288434486112825	1.3820413024664266

0.1360425971353344	1.3938225721053616

0.14321210781275834	1.405629211253345

0.1503514836962155	1.4174601756261658

0.1574602484633401	1.4293144470107237

0.16453794590101647	1.4411910326951163

0.17158413940093586	1.453088964910544

0.17859841146619967	1.4650073002847976

0.18558036322873928	1.4769451193070866

0.19252961397732826	1.4889015258039884

0.19944580069596649	1.5008756464262831

0.20632857761242124	1.5128666301464613

0.21317761575671323	1.524873647766682

0.21999260252934136	1.5368958914369744

0.22677324127904286	1.5489325741834714

0.2335192508898906	1.5609829294464737

0.24023036537753284	1.573046210628143

0.24690633349438476	1.5851216906496322

0.2535469183435848	1.5972086615174568

0.2601518970015331	1.6093064338989227

0.266721060148833	1.621414336706425

0.27325421170945896	1.6335317166904393

0.2797511684979802	1.6456579380410252

0.28621175987467035	1.6577923819976734

0.2926358274083387	1.6699344464673238

0.29902322454672114	1.6820835456503886

0.3053738162942719	1.6942391096746183

0.3116874788972013	1.7064005842366514

0.31796409953560717	1.718567430251089

0.3242035760225514	1.7307391235069436

0.33040581650993467	1.7429151543313115

0.33657073920102737	1.7550950272601191

0.3426982720695165	1.767278260715802

0.34878835258493024	1.7794643866917745

0.3548409274443078	1.7916529504435497

0.3608559523099805	1.8038435101863757

0.36683339155333744	1.8160356367992563

0.3727732180044472	1.8282289135352212

0.3786754127074135	1.8404229357377244

0.3845399646813428	1.8526173105630395

0.3903668706868053	1.8648116567085342

0.3961561349976724	1.8770056041467007

0.40190776917821786	1.8891987938648247

0.40762179186536973	1.90139087761018

0.4132982285560048	1.9135815176406317

0.4189371113991775	1.9257703864805422

0.4245384789931791	1.9379571666818647

0.4301023761873241	1.9501415505903261

0.43562885388836314	1.9623232401165873

0.4411179688714238	1.9745019465122846

0.44656978359538313	1.9866773901508479

0.4519843660225765	1.9988493003130012

0.4573617894427512	2.011017414976846

0.46270213230117274	2.023181480612437

0.4680054780307964	2.0353412519807548

0.47327191488841586	2.047496491936985

0.4785015357947039	2.059646971238021

0.48369443817806207	2.0717924683540936

0.48885072382219724	2.0839327692844516

0.49397049871734444	2.0960676673770076

0.4990538729150588	2.1081969631518613

0.5041009603864982	2.1203204641286315

0.5091118788841223	2.132437984657507

0.5140867498067346	2.1445493457539486

0.5190256980677936	2.156654374936962

0.5239288519669246	2.1687529060708672

0.5287963430645615	2.180844779210498

0.5336283060596507	2.1929298404497533

0.5384248786703518	2.205007941773439

0.5431862015176684	2.217078940912321

0.5479124180119472	2.2291427012013374

0.5526036742421817	2.241199091440892

0.557260118868059	2.2532479857611754

0.5618819030146921	2.2652892634894375

0.5664691801699765	2.2773228090201694

0.5710221060845153	2.2893485116881154

0.5755408386740564	2.301366265644068

0.5800255379243859	2.3133759697333853

0.5844763657986257	2.325377527377174

0.5888934861468798	2.33737084645608

0.5932770646181805	2.3493558391966363

0.5976272685746821	2.3613324220601157

0.601944267008053	2.373300515633831

0.6062282304580181	2.3852600445248378

0.6104793309330028	2.3972109372559816

0.6146977418328344	2.409153126164253

0.6188836378734534	2.4210865473013907

0.6230371950135891	2.4330111403366903

0.6271585903833603	2.4449268484619755

0.6312480022147527	2.456833618298681

0.6353056097739361	2.4687313998070093

0.6393315932953766	2.480620146197109

0.6433261339177059	2.492499813842244

0.6472894136213084	2.5043703621939013

0.6512216151675866	2.5162317536988046

0.6551229220398671	2.528083953717787

0.6589935183859121	2.539926930446491

0.6628335889619977	2.5517606548378495

0.6666433190785264	2.5635851005263186

0.6704228945471365	2.5754002437538186

0.6741725016292774	2.5872060632973515

0.6778923269862153	2.599002540398258

0.6815825576304371	2.610789658693079

0.6852433808784227	2.6225674041459905

0.6888749843047528	2.634335764982773

0.6924775556975211	2.6460947316262913

0.696051283015024	2.6578442966334452

0.6995963543436953	2.669584454633566

0.7031129578572601	2.681315202268221

0.7066012817770777	2.693036538132405

0.7100615143336478	2.7047484627170832

0.7134938437292527	2.7164509783530573

0.7168984581017085	2.728144089156131

0.7202755454892007	2.7398278009735417

0.723625293796179	2.751502121331637

0.7269478907602864	2.7631670593847644

0.7302435239202978	2.7748226258653514

0.7335123805850465	2.7864688330351512

0.7367546478033138	2.798105694637627

0.7399705123346593	2.8097332258514514

0.7431601606211714	2.8213514432450975

0.7463237787601142	2.8329603647325

0.7494615524774517	2.8445600095297587

0.7525736671022267	2.856150398112868

0.755660307541776	2.867731552176443

0.7587216582577611	2.8793034945934317

0.761757903242994	2.8908662493757817

0.764769225999042	2.902419841636044

0.76775580951459	2.913964297549897

0.770717836244544	2.9254996443195695

0.773655488089857	2.9370259101381397

0.7765689463780598	2.9485431241546953

0.779458391844482	2.960051316440336

0.7823240046141423	2.9715505179549973

0.7851659641842964	2.9830407605150815

0.787984449407623	2.994522076761875

0.7907796384760344	3.0059945001307367

0.7935517089050952	3.0174580648210436

0.796300837519036	3.0289128057668684

0.7990272004363447	3.040358758608384

0.8017309730559234	3.051795959663972

0.8044123300437971	3.063224445903023

0.8070714453203576	3.0746442549194093

0.8097084920481333	3.086055424905623

0.8123236426200688	3.0974579946275584

0.8149170686483026	3.1088520033999245

0.8174889409534304	3.1202374910622814

0.8200394295542419	3.131614497955676

0.8225687036579188	3.142983064899875

0.8250769316506819	3.154343233171168

0.8275642810888775	3.165695044480748

0.8300309186904897	3.1770385409536344

0.8324770103270691	3.1883737651081456

0.8349027210160672	3.199700759835896

0.8373082149135649	3.211019568382311

0.8396936553073864	3.2223302343276514

0.8420592046105868	3.2336328015685285

0.844405024355306	3.2449273142999058

0.8467312751869759	3.2562138169975743

0.8490381168588752	3.267492354401088

0.85132570822702	3.278762971497153

0.8535942072453824	3.2900257135034594

0.855843770961428	3.301280625852946

0.8580745555119648	3.3125277541784857

0.8602867161192922	3.3237671442979835

0.862480407087647	3.3349988421998833

0.8646557817999321	3.3462228940290655

0.8668129927147261	3.357439346073129

0.8689521913635614	3.368648244749056

0.8710735283484669	3.3798496365902393

0.8731771533397654	3.3910435682338766

0.8752632150741205	3.40223008640871

0.8773318613528244	3.4134092379231142

0.8793832390403213	3.424581069653523

0.8814174940629589	3.435745628533176

0.8834347714079609	3.4469029615411966

0.8854352151226162	3.4580531156919783

0.8874189683136761	3.4691961380248784

0.8893861731469548	3.4803320755942115

0.8913369708471282	3.4914609754595367

0.8932715016977224	3.5025828846762304

0.8951899050412899	3.513697850286338

0.8970923192797641	3.5248059193096983

0.8989788818749894	3.5359071387353374

0.9008497293494219	3.5470015555131185

0.9027049972869924	3.5580892165456492

0.9045448203341311	3.5691701686804387

0.9063693322009445	3.580244458702293

0.908178665662544	3.591312133325952

0.9099729525605181	3.6023732391889536

0.9117523238045459	3.613427822844728

0.9135169093741452	3.624475930755911

0.9152668383205543	3.635517609287872

0.9170022387687392	3.6465529047024523

0.918723237919525	3.6575818631519117

0.9204299620518459	3.668604530673073

0.9221225365251104	3.6796209531816606

0.9238010857816786	3.6906311764668356

0.9254657333494456	3.7016352461859134

0.9271166018445295	3.712633207859264

0.9287538129740598	3.72362510686539

0.9303774875390621	3.73461098843618

0.9319877454374365	3.7455908976523276

0.9335847056670246	3.7565648794389186

0.9351684863287655	3.7675329785611784

0.936739204629933	3.778495239620376

0.9382969768874547	3.789451707049881

0.9398419185313077	3.800402425111373

0.9413741441079889	3.8113474378911927

0.9428937672840567	3.8222867892968386

0.9444009008497417	3.833220523053603

0.9458956567226229	3.8441486827013374

0.9473781459513677	3.8550713115913577

0.9488484787195323	3.8659884528834754

0.9503067643494203	3.8769001495431517

0.9517531113059965	3.8878064443387754

0.9531876272008548	3.898707379839063

0.9546104187962365	3.9096029984105694

0.956021592009097	3.920493342215318

0.9574212519152189	3.9313784532085365

0.9588095027533701	3.9422583731365037

0.960186447929503	3.953133143534498

0.9615521900209937	3.9640028057248498

0.9629068307809197	3.9748674008150946

0.9642504711423732	3.9857269696962208

0.9655832112228088	3.996581553041012

0.966905150328423	4.0074311913024845

0.9682163869585645	4.01827592471241

0.9695170188101727	4.029115793279927

0.9708071427822439	4.03995083679024

0.9720868549803217	4.050781094803397

0.9733562507210115	4.061606606653148

0.9746154245365177	4.072427411445888

0.9758644701792	4.0832435480596665

0.9771034806261497	4.094055055143277

0.9783325480837831	4.104861971115419

0.9795517639924514	4.115664334163927

0.9807612190310642	4.126462182245072

0.9819610031217283	4.137255553082923

0.9831512054343965	4.148044484168779

0.9843319143915287	4.1588290127606635

0.9855032176727611	4.169609175882874

0.9866652022195854	4.180385010325596

0.987817954240034	4.191156552644573

0.9889615592133715	4.201923839160836

0.990096101894791	4.212686905960478

0.9912216663201152	4.223445788894494

0.9923383358104989	4.234200523578659

0.9934461929771341	4.244951145393471

0.994545319725956	4.255697689484123

0.9956357972623483	4.26644019076054

0.9967177060958486	4.277178683897451

0.9977911260448504	4.28791320333451

0.9988561362413034	4.2986437832764555

0.9999128151354096	4.3093704576933165

1.000961240500315	4.320093260320656

1.0020014894367963	4.330812224659849

1.0030336383779415	4.341527383978408

1.004057763093823	4.35223877131034

1.0050739386961645	4.362946419456535

1.0060822396429985	4.373650360985199

1.007082739743316	4.384350628232306

1.0080755121617058	4.3950472533020974

1.0090606294229838	4.405740268067603

1.0100381634168123	4.416429704171194

1.0110081854023063	4.427115593025163

1.01197076601263	4.437797965812338

1.0129259752595796	4.448476853486721

1.0138738825381521	4.459152286774148

1.0148145566311033	4.469824296172984

1.0157480657134892	4.4804929119548325

1.016674477357193	4.491158164165271

1.0175938585354403	4.501820082624618

1.0185062756272945	4.512478696928708

1.019411794422139	4.523134036449701

1.020310480124143	4.533786130336899

1.0212023973567093	4.544435007517596

1.0220876101669063	4.555080696697938

1.0229661820298828	4.565723226363796

1.0238381758532629	4.576362624781676

1.024703653981526	4.586998919999621

1.0255626782003657	4.59763213984815

1.026415309741031	4.608262311941197

1.027261609284648	4.6188894636770765

1.028101636966524	4.629513622239455

1.0289354523804284	4.640134814598338

1.0297631145828579	4.650753067511073

1.0305846820972784	4.661368407523362

1.0314002129183482	4.671980860970285

1.0322097645161192	4.682590453977337

1.0330133938402197	4.693197212461476

1.033811157324013	4.7038011621321765

1.0346031108887372	4.714402328492499

1.035389309947623	4.7250007368401645

1.0361698094099887	4.735596412268639

1.036944663685315	4.746189379668226

1.037713926687297	4.756779663727166

1.038477651837875	4.767367288932746

1.0392358920712421	4.777952279572411

1.039988699837829	4.78853465973489

1.040736127108268	4.799114453311315

1.0414782253773334	4.809691683996361

1.0422150456678596	4.820266375289378

1.042946638534635	4.830838550495539

1.043673054068276	4.841408232726982

1.0443943418990738	4.851975444903966

1.0451105512008223	4.862540209756022

1.0458217306946207	4.8731025498231135

1.0465279286526525	4.883662487456797

1.0472291929019428	4.894220044821388

1.047925570828091	4.904775243895127

1.0486171093789811	4.915328106471346

1.049303855068467	4.925878654159644

1.0499858539800373	4.936426908387057

1.0506631517704528	4.9469728903992305

1.0513357936733643	4.957516621261598

1.0520038245029035	4.968058121860552

1.052667288657254	4.978597412904626

1.0533262301221944	4.989134514925663

1.0539806924746222	4.9996694482800015

1.0546307188860515	5.010202233149644

1.0552763521260877	5.020732889543438

1.0559176345658792	5.031261437298246

1.0565546081815451	5.041787896080127

1.0571873145575796	5.052312285385502

1.0578157948902334	5.062834624542332

1.0584400899908706	5.073354932711287

1.0590602402893032	5.083873228886913

1.0596762858371018	5.094389531898802

1.0602882663108832	5.104903860412756

1.0608962210155746	5.115416232931952

1.0615001888876536	5.125926667798095

1.0621002084983675	5.136435183192588

1.0626963180569269	5.146941797137677

1.063288555413677	5.157446527497612

1.0638769580632474	5.167949391979793

1.0644615631476761	5.178450408135914

1.0650424074595128	5.188949593363112

1.065619527444899	5.1994469649051025

1.0661929592066242	5.20994253985332

1.0667627385071612	5.220436335148049

1.067328900771677	5.230928367579555

1.0678914810910225	5.241418653789209

1.0684505142246987	5.251907210270606

1.0690060346038013	5.2623940533706905

1.0695580763339425	5.272879199290862

1.0701066731981512	5.283362664088088

1.0706518586597495	5.293844463676011

1.0711936658652097	5.304324613826045

1.0717321276469862	5.314803130168473

1.0722672765263292	5.325280028193539

1.072799144716073	5.335755323252535

1.0733277641234042	5.346229030558881

1.07385316635261	5.356701165189204

1.074375382707802	5.367171742084411

1.0748944441956196	5.377640776050754

1.0754103815279137	5.388108281760895

1.0759232251244069	5.398574273754963

1.0764330051153341	5.409038766441602

1.076939751344062	5.4195017740990235

1.0774434933696868	5.429963310876044

1.0779442604696117	5.440423390793126

1.0784420816421043	5.450882027743404

1.0789369856088324	5.461339235493714

1.0794290008173797	5.471795027685614

1.0799181554437414	5.4822494178363925

1.0804044773947994	5.492702419340086

1.0808879943107779	5.503154045468477

1.0813687335676774	5.513604309372098

1.0818467222796908	5.524053224081217

1.0823219873015981	5.534500802506829

1.0827945552311427	5.544947057441638

1.0832644524113864	5.555392001561027

1.0837317049330475	5.565835647424035

1.0841963386368167	5.576278007474316

1.0846583791156568	5.586719094041098

1.0851178517170796	5.597158919340139

1.085574781545408	5.60759749547467

1.0860291934640158	5.618034834436337

1.0864811120975502	5.628470948106139

1.0869305618341356	5.63890584825535

1.0873775668275591	5.649339546546451

1.087822150999437	5.659772054534044

1.088264338041363	5.670203383665761

1.0887041514170388	5.6806335452831735

1.0891416143643866	5.691062550622692

1.0895767498976427	5.701490410816459

1.090009580809435	5.711917136893239

1.0904401296728399	5.722342739779297

1.0908684188434257	5.732767230299278

1.0912944704612748	5.7431906191770805

1.0917183064529907	5.753612917036713

1.0921399485336871	5.76403413440316

1.0925594182089595	5.774454281703235

1.0929767367768408	5.784873369266423

1.0933919253297382	5.795291407325722

1.0938050047563563	5.805708406018482

1.0942159957436006	5.816124375387234

1.0946249187784658	5.82653932538051

1.095031794149908	5.836953265853666

1.0954366419506993	5.84736620656969

1.0958394820792685	5.857778157200012

1.096240334241523	5.868189127325298

1.0966392179526563	5.878599126436252

1.09703615253894	5.889008163934402

1.0974311571394986	5.899416249132881

1.0978242507080702	5.909823391257208

1.0982154520147513	5.920229599446059

1.0986047796477256	5.930634882752031

1.0989922520149775	5.941039250142404

1.099377887345992	5.951442710499895

1.099761703693438	5.961845272623408

1.100143718934836	5.972246945228776

1.1005239507742146	5.982647736949502

1.1009024167437471	5.993047656337486

1.1012791342053783	6.0034467118637584

1.1016541203524337	6.013844911919193

1.1020273922112158	6.024242264815229

1.1023989666425853	6.03463877878458

1.1027688603435288	6.0450344619819365

1.1031370898487127	6.055429322484668

1.1035036715320221	6.065823368293512

1.1038686216080866	6.0762166073332695

1.1042319561337925	6.086609047453481

1.1045936910097816	6.0970006964291095

1.1049538419819345	6.107391561961206

1.105312424642844	6.1177816516775865

1.105669454433272	6.128170973133484

1.106024946643595	6.13855953381221

1.106378916415236	6.148947341125806

1.1067313787420834	6.159334402415689

1.107082348471897	6.169720724953287

1.1074318403077021	6.180106315940683

1.107779868809169	6.1904911825112405

1.1081264483939817	6.200875331730231

1.1084715933391933	6.211258770595453

1.1088153177825701	6.221641506037848

1.1091576357239217	6.232023544922113

1.1094985610264199	6.2424048940473

1.109838107417906	6.252785560147421

1.1101762884921862	6.2631655498920455

1.110513117710313	6.2735448698868845

1.1108486084018574	6.283923526674381

1.1111827737661693	6.294301526734292

1.1115156268736235	6.304678876484257

1.111847180666858	6.31505558228038

1.1121774479619986	6.325431650417787

1.1125064414498722	6.335807087131192

1.1128341736972105	6.346181898595453

1.1131606571478407	6.356556090926124

1.1134859041238667	6.366929670180004

1.1138099268268382	6.377302642355681

1.1141327373389105	6.387675013394068

1.1144543476239912	6.398046789178936

1.1147747695288797	6.408417975537448

1.1150940147843917	6.418788578240681

1.115412095006478	6.429158603004146

1.1157290216973295	6.4395280554883065

1.1160448062464727	6.449896941299087

1.1163594599318565	6.460265265988385

1.1166729939209266	6.4706330350545676

1.116985419271692	6.481000253942975

1.11729674693378	6.491366928046414

1.1176069877494827	6.501733062705647

1.1179161524547923	6.512098663209877

1.118224251680427	6.522463734797234

1.1185312959528493	6.532828282655245

1.1188372956952721	6.543192311921314

1.1191422612286568	6.553555827683187

1.1194462027727015	6.563918834979422

1.1197491304468208	6.574281338799842

1.1200510542711155	6.5846433440859995

1.1203519841673337	6.595004855731627

1.1206519299598223	6.605365878583088

1.1209509013764702	6.615726417439817

1.1212489080496426	6.626086477054765

1.121545959517106	6.636446062134836

1.1218420652229453	6.646805177341319

1.1221372345184708	6.657163827290321

1.122431476663119	6.667522016553192

1.122724800825342	6.677879749656941

1.1230172160834917	6.6882370310846655

1.1233087314266925	6.6985938652759565

1.123599355755708	6.708950256627314

1.1238890978837988	6.719306209492552

1.1241779665375717	6.729661728183205

1.1244659703578224	6.740016816968929

1.1247531179003674	6.750371480077891

1.125039417636871	6.7607257216971695

1.1253248779556635	6.771079545973141

1.1256095071625505	6.781432957011866

1.1258933134816151	6.79178595887947

1.1261763050560145	6.802138555602526

1.1264584899487657	6.812490751168428

1.1267398761435254	6.822842549525764

1.127020471545364	6.833193954584684

1.1273002839815287	6.843544970217266

1.1275793212022027	6.8538956002578795

1.1278575908812551	6.8642458485035425

1.1281351006169849	6.874595718714278

1.1284118579328568	6.884945214613467

1.1286878702782308	6.895294339888198

1.1289631450290845	6.905643098189614

1.1292376894887286	6.9159914931332525

1.1295115108885165	6.926339528299385

1.1297846163885445	6.936687207233359

1.1300570130783485	6.94703453344593

1.1303287079775912	6.957381510413587

1.1305997080367456	6.9677281415788865

1.1308700201377693	6.978074430350774

1.1311396510947742	6.988420380104907

1.1314086076546883	6.998765994183971

1.1316768964979127	7.009111275897999

1.1319445242389712	7.019456228524683

1.132211497427154	7.0298008553096825

1.1324778225471557	7.040145159466934

1.132743506019706	7.050489144178953

1.1330085542021955	7.06083281259714

1.133272973389295	7.071176167842074

1.133536769813569	7.0815192130038085

1.1337999496460833	7.091861951142171

1.1340625189970064	7.102204385287046

1.1343244839162057	7.11254651843867

1.1345858503938375	7.122888353567909

1.134846624360932	7.13322989361655

1.1351068116899712	7.14357114149757

1.1353664181954626	7.153912100095424

1.135625449634508	7.164252772266315

1.135883911707364	7.174593160838465

1.1361418100580007	7.184933268612387

1.136399150274652	7.195273098361149

1.1366559378903618	7.205612652830643

1.1369121783835259	7.215951934739848

1.1371678771784268	7.22629094678108

1.137423039645765	7.236629691620262

1.1376776711031833	7.246968171897171

1.1379317768157886	7.257306390225693

1.138185361996666	7.267644349194074

1.13843843180739	7.277982051365167

1.1386909913585292	7.288319499276675

1.1389430457101475	7.298656695441397

1.1391945998722988	7.308993642347472

1.1394456588055193	7.31933034245861

1.1396962274213125	7.329666798214334

1.1399463105826309	7.340003012030215

1.1401959131043529	7.350338986298099

1.1404450397537549	7.360674723386342

1.1406936952509787	7.371010225640035

1.140941884269495	7.381345495381227

1.1411896114365612	7.391680534909156

1.1414368813336764	7.402015346500462

1.1416836984970302	7.412349932409411

1.1419300674179487	7.4226842948681115

1.1421759925433352	7.433018436086728

1.1424214782761073	7.443352358253697

1.1426665289756284	7.453686063535935

1.1429111489581372	7.464019554079047

1.1431553424971712	7.474352832007537

1.1433991138239867	7.484685899425012

1.1436424671279752	7.495018758414383

1.1438854065570745	7.505351411038069

1.1441279362181769	7.515683859338194

1.1443700601775333	7.526016105336785

1.1446117824611532	7.536348151035969

1.1448531070552006	7.546679998418165

1.145094037906386	7.557011649446277

1.1453345789223557	7.567343106063885

1.145574733972075	7.577674370195428

1.1458145068862102	7.588005443746399

1.146053901457506	7.598336328603519

1.1462929214411577	7.608667026634931

1.1465315705551822	7.618997539690374

1.1467698524807834	7.629327869601363

1.147007770862716	7.639658018181369

1.1472453293096434	7.6499879872259955

1.1474825313944943	7.660317778513149

1.1477193806548143	7.670647393803215

1.1479558805931147	7.680976834839227

1.148192034677218	7.691306103347039

1.1484278463406001	7.70163520103549

1.148663318982728	7.71196412959657

1.148898455969396	7.722292890705587

1.149133260633058	7.73262148602133

1.1493677362731547	7.742949917186227

1.1496018861564408	7.753278185826508

1.1498357135173067	7.763606293552362

1.1500692215580983	7.773934241958095

1.1503024134494317	7.784262032622284

1.1505352923305079	7.7945896671079336

1.150767861309422	7.804917146962622

1.1510001234634704	7.81524447371866

1.1512320818394537	7.825571648893234

1.1514637394539793	7.835898673988557

1.1516950992937582	7.846225550492014

1.1519261643159011	7.856552279876309

1.1521569374482092	7.866878863599608

1.152387421589465	7.877205303105678

1.1526176196097175	7.887531599824035

1.1528475343505673	7.897857755170076

1.1530771686254464	7.9081837705452225

1.1533065252198968	7.918509647337056

1.1535356068918463	7.928835386919452

1.1537644163718805	7.939160990652718

1.1539929563635132	7.949486459883723

1.1542212295434537	7.959811795946031

1.1544492385618728	7.970137000160033

1.1546769860426624	7.98046207383307

1.154904474583698	7.990787018259567

1.155131706757094	8.001111834721161

1.155358685109459	8.01143652448682

1.155585412162147	8.021761088812971

1.155811890411508	8.032085528943625

1.1560381223291352	8.042409846110496

1.1562641103621085	8.052734041533123

1.156489856933238	8.063058116418986

1.1567153644413037	8.073382071963634

1.1569406352612928	8.083705909350789

1.1571656717446346	8.094029629752473

1.1573904762194345	8.104353234329118

1.1576150509907035	8.11467672422968

1.1578393983405875	8.125000100591754

1.1580635205285925	8.13532336454168

1.1582874197918098	8.145646517194665

1.1585110983451363	8.15596955965488

1.1587345583814948	8.166292493015574

1.1589578020720517	8.176615318359183

1.1591808315664311	8.186938036757432

1.1594036489929291	8.197260649271447

1.1596262564587245	8.207583156951852

1.1598486560500867	8.217905560838876

1.160070849832584	8.228227861962456

1.160292839851288	8.238550061342334

1.1605146281309762	8.248872159988164

1.1607362166763329	8.259194158899604

1.1609576074721482	8.269516059066422

1.161178802483515	8.279837861468586

1.1613998036560236	8.290159567076365

1.161620612915955	8.300481176850425

1.161841232170472	8.310802691741918

1.162061663307809	8.321124112692582

1.1622819081974578	8.331445440634832

1.1625019686903553	8.34176667649185

1.1627218466190654	8.35208782117768

1.1629415437979624	8.362408875597309

1.1631610620234096	8.37272984064677

1.1633804030739388	8.383050717213214

1.163599568710427	8.393371506175017

1.16381856067627	8.403692208401846

1.164037380697557	8.41401282475476

1.1642560304832408	8.424333356086287

1.1644745117253081	8.434653803240511

1.1646928260989482	8.444974167053154

1.164910975262718	8.455294448351664

1.1651289608587079	8.465614647955285

1.165346784512704	8.475934766675147

1.1655644478343508	8.48625480531435

1.1657819524173099	8.496574764668024

1.1659992998394195	8.506894645523433

1.1662164916628504	8.517214448660033

1.166433529434261	8.527534174849562

1.1666504146849521	8.537853824856104

1.1668671489310185	8.548173399436175

1.1670837336734992	8.558492899338797

1.167300170398527	8.568812325305556

1.1675164605774773	8.579131678070704

1.1677326056671122	8.589450958361205

1.1679486071097274	8.59977016689682

1.168164466333294	8.610089304390176

1.1683801847516015	8.620408371546835

1.1685957637643987	8.630727369065369

1.168811204757531	8.641046297637416

1.1690265091030807	8.651365157947765

1.1692416781595016	8.661683950674414

1.169456713271755	8.672002676488638

1.1696716157714433	8.68232133605506

1.169886386976942	8.692639930031705

1.1701010281935318	8.70295845907008

1.1703155407135277	8.71327692381523

1.1705299258164077	8.723595324905801

1.17074418476894	8.733913662974112

1.1709583188253094	8.744231938646207

1.1711723292272422	8.754550152541922

1.1713862172041287	8.764868305274945

1.171599983973147	8.775186397452877

1.1718136307393832	8.785504429677294

1.172027158695951	8.795822402543807

1.1722405690241118	8.806140316642116

1.1724538628933914	8.816458172556073

1.1726670414616958	8.82677597086374

1.1728801058754277	8.83709371213744

1.1730930572696001	8.847411396943823

1.173305896767949	8.857729025843916

1.1735186254830456	8.868046599393182

1.1737312445164068	8.878364118141569

1.1739437549586054	8.888681582633573

1.1741561578893782	8.898998993408288

1.1743684543777335	8.909316350999452

1.1745806454820575	8.919633655935518

1.1747927322502205	8.929950908739688

1.1750047157196801	8.940268109929974

1.1752165969175854	8.950585260019247

1.1754283768608786	8.960902359515293

1.1756400565563971	8.971219408920852

1.175851637000973	8.981536408733682

1.1760631191815327	8.991853359446596

1.1762745040751954	9.002170261547517

1.17648579264937	9.01248711551953

1.1766969858618517	9.022803921840918

1.176908084660918	9.033120680985224

1.1771190899854214	9.043437393421286

1.1773300027648854	9.053754059613293

1.1775408239195955	9.064070680020825

1.177751554360691	9.074387255098893

1.1779621949902557	9.084703785298004

1.1781727467014087	9.095020271064183

1.1783832103783927	9.105336712839032

1.178593586896662	9.115653111059768

1.17880387712297	9.125969466159267

1.179014081915456	9.136285778566112

1.1792242021237296	9.146602048704624

1.1794342385889565	9.156918276994917

1.1796441921439416	9.167234463852932

1.1798540636132122	9.17755060969048

1.1800638538131005	9.18786671491528

1.180273563551825	9.198182779931013

1.1804831936295699	9.208498805137342

1.1806927448385667	9.218814790929965

1.1809022179631716	9.22913073770065

1.1811116137799447	9.239446645837278

1.1813209330577268	9.249762515723875

1.1815301765577164	9.260078347740654

1.1817393450335452	9.270394142264054

1.181948439231354	9.280709899666778

1.1821574598898663	9.291025620317821

1.1823664077404628	9.30134130458252

1.1825752835072527	9.311656952822577

1.182784087907148	9.32197256539611

1.1829928216499337	9.332288142657672

1.1832014854383386	9.342603684958304

1.1834100799681058	9.352919192645553

1.1836186059280622	9.363234666063516

1.1838270640001867	9.373550105552875

1.1840354548596783	9.383865511450926

1.1842437791750238	9.394180884091616

1.184452037608064	9.404496223805571

1.1846602308140604	9.41481153092014

1.1848683594417595	9.425126805759415

1.1850764241334584	9.43544204864427

1.1852844255250687	9.44575725989239

1.1854923642461803	9.456072439818309

1.1857002409201225	9.466387588733433

1.1859080561640283	9.476702706946073

1.1861158105888947	9.487017794761481

1.1863235047996443	9.497332852481875

1.1865311393951852	9.507647880406472

1.1867387149684712	9.517962878831513

1.18694623210656	9.528277848050298

1.1871536913906733	9.538592788353213

1.1873610933962528	9.54890770002776

1.1875684386930203	9.559222583358583

1.1877757278450316	9.569537438627497

1.1879829614107347	9.579852266113521

1.1881901399430248	9.590167066092901

1.1883972639893003	9.600481838839132

1.188604334091516	9.610796584623

1.1888113507862383	9.621111303712594

1.1890183146046984	9.631425996373345

1.1892252260728453	9.64174066286804

1.1894320857113982	9.652055303456864

1.1896388940358988	9.662369918397406

1.1898456515567621	9.672684507944702

1.1900523587793281	9.682999072351253

1.190259016203912	9.693313611867048

1.1904656243258536	9.703628126739597

1.1906721836355676	9.713942617213943

1.1908786946185919	9.724257083532702

1.191085157755636	9.734571525936076

1.1912915735226297	9.744885944661876

1.19149794239077	9.755200339945556

1.1917042648265677	9.765514712020225

1.1919105412918956	9.775829061116678

1.1921167722440325	9.786143387463413

1.192322958135711	9.796457691286664

1.1925290994151607	9.806771972810411

1.1927351965261543	9.817086232256408

1.1929412499080512	9.827400469844207

1.1931472599958415	9.837714685791179

1.1933532272201899	9.848028880312532

1.193559152007478	9.858343053621333

1.1937650347798472	9.868657205928537

1.193970875955241	9.878971337443001

1.1941766759474464	9.889285448371504

1.1943824351661352	9.899599538918771

1.1945881540169057	9.90991360928749

1.1947938329013217	9.920227659678334

1.194999472216954	9.930541690289987

1.1952050723574192	9.940855701319151

1.19541063371242	9.95116969296058

1.1956161566677823	9.961483665407085

1.195821641605496	9.971797618849568

1.1960270889037516	9.982111553477024

1.1962324989369786	9.99242546947658

1.1964378720758821	10.002739367033492

1.196643208687481	10.013053246331182

1.1968485091351433	10.023367107551248

1.1970537737786238	10.03368095087348

1.197259002974099	10.043994776475882

1.1974641970742037	10.05430858453469

1.1976693564280645	10.064622375224383

1.1978744813813365	10.074936148717713

1.198079572276236	10.085249905185709

1.1982846294515772	10.0955636447977

1.1984896532428033	10.105877367721334

1.1986946439820219	10.116191074122593

1.198899601998037	10.126504764165805

1.1991045276163825	10.136818438013668

1.199309421159355	10.14713209582726

1.1995142829460446	10.15744573776606

1.1997191132923684	10.16775936398796

1.1999239125111014	10.17807297464928

1.2001286809119072	10.188386569904793

1.2003334188013697	10.198700149907722

1.2005381264830237	10.20901371480978

1.2007428042573847	10.219327264761159

1.200947452421979	10.229640799910566

1.2011520712713737	10.239954320405227

1.2013566610972064	10.250267826390903

1.2015612221882135	10.26058131801191

1.2017657548302596	10.270894795411124

1.2019702593063661	10.281208258730002

1.202174735896739	10.291521708108595

1.2023791848787975	10.30183514368556

